254
603
849
349
124
253
412
923
942
994
277
936
187
704
422
606
997
207
453
842
197
896
161
18
705
980
752
485
200
540
966
119
450
244
214
563
428
720
437
906
994
894
103
84
455
539
409
502
768
571
529
465
300
436
575
163
389
228
507
18
368
491
178
240
413
582
935
747
537
569
165
782
768
511
32
922
290
104
962
355
885
803
522
499
993
228
212
888
524
617
175
555
219
174
767
750
602
976
219
278
130
833
154
52
89
122
923
318
787
253
721
219
276
748
989
941
244
565
394
76
906
540
392
112
415
428
445
513
432
399
269
196
29
916
621
377
935
603
336
614
9
193
144
773
251
855
139
902
46
452
559
860
25
754
304
697
169
728
721
519
263
788
317
806
952
964
961
479
555
742
246
89
342
539
569
791
708
379
282
73
102
852
822
451
696
652
264
842
210
695
231
688
710
225
694
78
141
82
996
510
835
565
868
785
835
796
511
87
412
791
297
218
280
786
141
999
411
25
424
810
464
187
957
386
55
333
261
267
485
537
952
588
418
587
767
433
631
285
531
591
222
833
131
988
697
916
285
952
69
378
957
373
66
7
952
961
821
990
779
318
702
11
822
45
529
864
168
75
347
117
427
977
926
391
67
969
489
472
908
460
213
634
394
556
478
161
223
349
191
53
75
745
257
70
178
230
897
227
125
695
192
293
603
988
300
382
104
932
360
925
441
361
910
84
605
866
836
128
776
21
950
627
796
404
365
942
469
482
211
365
917
177
879
495
736
406
123
456
3
392
176
503
539
357
215
209
300
207
208
195
893
783
796
152
444
810
771
836
534
584
481
519
447
543
461
976
454
332
677
568
489
24
519
95
402
885
150
979
181
462
318
420
98
618
222
295
487
419
460
575
291
737
786
68
353
138
897
664
244
117
625
163
236
901
335
80
205
327
948
943
979
448
615
890
688
595
3
88
528
229
710
937
107
576
600
376
775
416
604
164
46
269
712
514
255
15
695
461
874
770
951
758
507
384
123
461
150
779
116
795
334
552
686
358
697
402
246
598
686
812
222
918
957
588
965
190
344
920
252
909
719
942
367
703
396
332
390
860
809
861
625
818
175
368
847
693
865
240
652
587
986
852
920
934
267
998
921
843
771
245
831
198
406
125
199
256
990
104
878
665
602
721
840
409
898
440
878
925
869
836
22
934
277
936
739
950
583
632
723
998
240
297
972
692
716
806
601
226
308
566
526
345
293
155
812
181
213
425
919
678
946
181
390
644
705
274
179
559
209
55
891
262
706
377
913
687
379
191
457
422
905
645
290
344
425
445
821
910
186
26
595
539
698
605
258
211
763
335
111
968
612
256
414
385
112
934
639
263
120
769
926
15
217
763
878
241
943
310
93
901
318
489
371
417
67
330
279
781
491
867
798
154
206
141
191
810
138
413
852
377
418
553
218
439
928
735
423
869
712
227
66
262
520
95
743
505
678
358
133
837
827
473
891
208
788
95
774
968
724
692
358
318
505
77
524
846
368
598
563
439
469
624
621
156
570
629
383
925
161
894
652
943
406
33
940
710
178
323
485
806
121
292
7
284
13
762
328
769
956
2
125
418
205
36
777
854
725
501
750
2
673
739
699
144
795
791
787
920
437
983
628
182
9
593
933
365
283
172
720
28
356
366
619
991
353
963
341
593
417
450
11
191
724
917
918
415
505
219
272
673
385
319
909
526
657
526
452
752
179
98
360
266
398
719
894
891
683
105
903
576
297
976
187
413
153
423
906
885
410
939
677
957
118
341
797
801
337
579
327
874
665
871
430
614
874
639
657
984
221
825
894
406
181
401
872
460
86
129
675
802
792
45
860
763
438
777
998
66
689
555
998
47
181
627
726
255
219
147
912
670
630
55
660
317
823
740
437
218
212
632
965
409
121
108
34
508
958
229
369
505
360
252
338
561
559
603
225
408
922
481
398
535
979
498
518
683
943
903
661
112
448
757
599
110
611
985
196
249
942
93
722
230
485
703
277
862
873
913
861
445
57
381
61
729
403
538
347
524
240
370
724
472
268
449
870
820
33
273
607
679
409
233
103
475
868
479
711
173
909
483
296
383
43
117
149
59
825
961
700
230
58
502
581
802
770
200
845
206
387
46
434
830
460
952
418
458
854
705
22
134
286
57
346
363
825
305
973
64
766
35
103
650
155
808
94
448
245
755
866
167
780
606
518
598
896
361
218
295
578
133
266
657
164
222
696
646
434
575
375
138
484
631
169
347
129
415
665
531
160
230
82
666
726
690
822
229
834
429
759
996
884
454
180
698
674
485
974
47
326
637
856
442
475
383
73
11
759
850
991
152
303
743
148
156
801
887
753
921
298
393
717
65
963
971
886
133
518
711
516
455
664
487
467
692
401
782
909
218
800
36
913
654
815
707
664
905
664
712
988
130
385
941
77
697
391
406
879
587
997
797
93
258
18
325
35
462
535
964
997
94
104
154
435
904
397
286
525
132
688
445
574
365
318
620
866
768
469
546
90
308
423
309
864
503
265
451
840
140
616
208
288
387
753
842
427
877
705
700
535
147
980
299
977
136
340
274
912
889
35
135
364
552
708
785
101
954
363
771
604
435
605
627
925
266
614
274
792
387
219
133
686
881
689
17
326
642
421
267
790
221
996
235
484
435
902
212
158
645
993
670
885
579
978
562
949
30
467
688
247
319
870
322
371
748
781
455
935
868
101
788
23
42
598
127
491
70
128
577
339
826
512
724
386
86
927
441
731
693
590
89
577
468
792
316
298
914
707
884
855
993
922
566
760
89
300
204
451
734
287
447
7
906
25
508
459
152
641
762
575
150
6
78
922
830
766
149
306
425
972
471
348
965
892
205
712
991
315
631
401
381
383
192
738
140
273
217
51
808
787
810
582
778
953
6
168
830
479
978
791
86
35
10
179
813
360
99
233
570
998
413
93
366
568
825
858
544
754
15
855
948
712
737
854
647
64
439
843
843
624
92
64
679
968
64
282
673
762
247
152
643
473
848
610
882
392
985
998
267
607
850
657
645
595
415
990
18
627
537
909
144
368
344
364
329
438
194
98
512
475
179
729
740
997
612
684
533
861
497
176
66
683
12
572
934
170
951
879
725
630
662
911
18
769
384
714
163
522
233
602
662
990
308
993
352
889
617
213
824
450
547
728
743
47
538
86
915
788
83
225
367
836
648
696
861
27
777
370
296
473
553
857
578
710
444
880
447
370
733
114
743
449
116
726
835
74
844
606
515
114
913
438
641
889
403
68
699
210
338
508
877
18
54
513
810
657
111
794
140
609
808
774
298
811
528
524
627
401
204
431
963
672
520
579
870
934
410
24
206
548
44
495
603
831
842
359
769
664
933
513
174
835
287
855
146
56
122
781
767
571
512
147
32
998
386
432
536
895
828
685
692
988
115
603
569
791
806
208
87
867
640
967
674
964
704
79
969
340
444
33
250
33
420
12
151
557
7
733
583
330
537
464
228
792
767
988
746
946
592
489
36
891
163
660
935
784
896
163
997
1000
379
537
905
756
555
865
574
105
123
736
518
452
388
552
3
214
549
809
349
965
557
415
510
115
831
792
661
691
954
371
697
886
42
170
303
647
777
173
263
883
570
262
255
328
831
722
10
298
103
253
936
418
357
334
712
199
2
99
782
732
510
805
330
23
627
847
582
587
319
813
31
899
453
483
122
908
96
814
649
577
510
213
38
189
109
843
136
50
771
457
631
501
487
702
39
339
229
112
114
914
565
293
205
616
214
927
787
902
188
481
902
134
762
759
454
820
287
647
734
688
993
987
561
390
576
179
328
256
872
828
827
960
636
794
636
487
71
688
562
573
828
65
68
657
572
73
671
700
645
930
244
636
535
505
886
471
283
394
801
71
623
771
595
40
177
150
520
331
509
310
190
292
663
831
743
950
734
968
805
859
577
470
37
819
980
937
876
185
605
681
95
92
662
15
437
195
725
421
263
863
498
497
891
980
634
372
5
238
475
345
365
824
973
660
382
444
794
459
556
389
170
565
574
596
59
168
941
114
337
756
46
253
369
654
753
970
699
305
84
709
17
347
227
534
687
19
459
561
437
182
887
195
998
332
975
742
412
205
67
319
450
841
768
830
666
613
484
996
578
70
487
165
359
636
495
167
470
873
569
304
450
214
758
669
2
77
627
655
855
921
880
977
993
435
943
214
623
751
648
605
161
126
92
235
718
205
298
434
234
901
362
873
615
358
758
763
440
5
907
335
383
461
761
28
877
504
930
46
195
520
611
192
938
757
48
530
329
522
674
662
824
589
600
327
228
840
645
118
418
538
453
572
874
571
858
662
915
639
742
777
93
76
509
761
38
751
797
239
42
634
11
696
491
388
924
362
567
728
861
920
334
650
116
378
454
486
421
854
559
799
271
375
557
845
630
522
266
1000
995
928
323
147
179
23
569
387
868
439
590
119
585
613
404
408
966
257
622
810
627
382
148
996
575
124
931
327
376
106
830
439
658
533
789
790
314
923
318
801
61
374
731
561
281
349
318
695
794
896
877
436
425
277
796
796
10
744
31
24
599
146
720
487
420
18
272
24
446
562
461
547
779
84
650
978
193
665
78
735
816
248
158
549
904
515
38
542
660
750
916
652
712
674
634
168
697
280
860
527
127
732
494
214
737
346
42
808
372
169
883
998
186
911
687
724
317
491
740
532
9
522
685
148
99
713
657
4
834
832
531
560
985
852
256
949
160
975
630
444
817
547
326
156
593
558
962
971
598
659
976
655
11
325
78
420
22
295
958
804
311
407
87
824
345
728
503
801
612
87
419
17
631
931
997
300
391
408
579
651
339
464
639
983
97
56
151
451
86
501
490
207
468
236
278
221
286
366
450
807
394
172
13
280
698
976
437
621
374
133
164
756
317
54
982
884
325
351
364
197
470
439
364
311
383
293
305
473
794
450
788
535
271
91
938
622
451
83
242
700
822
48
141
497
572
20
13
722
283
876
166
871
404
415
716
322
858
528
665
706
723
690
248
270
720
328
123
310
159
651
1
68
435
699
491
377
855
585
258
376
86
122
189
236
203
241
288
39
363
62
2
627
115
530
54
376
770
681
959
127
933
155
314
208
872
817
748
851
854
837
598
346
88
142
695
718
560
997
325
988
140
136
146
674
122
385
434
442
840
661
403
611
794
407
638
713
336
40
634
601
393
790
947
562
780
72
232
360
695
718
583
899
659
372
706
620
751
911
756
706
951
848
575
727
374
311
923
880
966
228
417
115
823
620
926
583
866
614
302
101
845
856
379
66
792
313
258
868
642
912
984
63
950
302
551
194
456
645
894
198
643
402
733
751
637
831
778
98
778
216
308
572
542
969
849
119
171
322
788
542
55
219
574
813
834
808
68
217
335
86
62
829
867
600
422
540
212
50
128
541
391
165
904
666
858
813
684
6
629
844
752
592
585
79
203
484
394
547
986
787
565
544
442
567
893
13
359
482
574
174
929
247
896
716
114
338
727
970
721
101
574
438
277
823
949
916
579
479
440
3
915
455
627
364
113
870
855
925
737
273
998
218
283
902
821
305
906
404
560
573
695
247
179
541
149
997
455
59
57
891
27
345
732
110
623
581
71
209
12
841
345
234
401
920
866
451
694
901
44
772
641
293
810
712
412
881
838
479
89
662
641
943
501
592
181
852
601
599
282
184
743
235
2
155
658
820
56
20
693
868
951
701
944
968
47
80
116
243
957
806
123
554
431
352
865
628
809
349
255
196
344
684
201
292
917
982
546
36
180
241
177
650
662
496
585
946
97
485
986
513
836
240
614
447
629
667
244
155
572
369
402
485
565
716
865
466
617
602
577
34
300
587
516
940
323
545
896
954
532
240
569
842
18
277
49
97
611
888
459
193
680
130
410
993
625
49
626
499
748
473
31
107
118
367
226
794
628
522
478
265
811
623
565
63
53
655
373
47
272
529
430
984
636
792
951
776
42
467
610
252
364
653
241
393
694
499
308
826
196
336
742
739
724
23
367
635
822
389
845
582
824
177
755
549
727
528
700
484
825
663
68
28
763
491
984
381
580
778
210
906
211
664
809
852
435
172
771
404
595
422
853
262
621
489
468
625
442
169
358
951
714
212
753
742
366
760
538
467
765
179
141
982
39
866
56
605
770
791
478
728
349
502
677
87
930
657
12
811
137
149
537
338
835
581
838
291
62
436
286
10
388
903
749
4
260
201
354
311
295
105
639
401
736
957
836
908
322
290
37
247
845
24
966
1
106
582
284
95
924
439
94
594
514
509
832
201
129
83
64
863
32
899
36
485
247
28
323
196
297
232
33
827
897
527
348
493
886
780
619
16
275
394
234
443
145
267
383
251
337
867
36
862
74
293
988
189
691
676
823
811
829
126
906
372
914
899
701
902
208
783
860
733
929
202
389
26
843
997
143
638
82
216
601
364
237
624
461
435
172
690
323
483
228
103
607
461
741
696
339
975
627
277
699
752
825
387
503
558
479
975
50
43
49
615
387
257
707
998
878
103
659
495
667
364
885
586
761
472
321
223
590
972
529
3
222
871
334
394
577
722
278
280
57
325
254
726
331
640
469
611
936
709
217
805
293
124
538
500
871
69
869
942
789
869
166
626
252
813
878
397
636
890
458
437
834
416
959
920
1
786
665
243
557
368
40
523
943
157
649
715
197
930
536
706
550
94
515
651
711
597
597
131
16
512
679
357
357
494
643
308
188
836
824
625
90
677
504
127
795
679
357
487
957
802
446
936
838
905
898
294
601
154
414
513
527
849
163
451
99
644
98
319
929
805
780
815
281
105
37
863
998
475
261
371
376
135
498
642
43
984
658
935
469
949
291
804
433
539
213
481
176
977
798
374
589
9
83
819
40
868
59
643
408
96
372
693
815
45
813
73
866
62
890
357
169
496
233
87
590
467
45
648
756
423
818
222
872
403
806
61
729
254
389
447
609
772
435
100
776
607
33
717
599
563
160
733
482
457
820
458
156
751
785
987
220
276
506
451
597
829
222
66
360
84
996
892
894
447
764
802
318
404
15
580
721
989
428
968
214
77
255
600
696
487
825
297
973
631
943
409
589
785
158
801
330
418
696
802
43
3
932
943
606
992
62
855
380
266
210
583
318
283
47
825
391
138
547
275
512
132
866
982
35
358
492
649
217
904
553
607
687
567
11
566
59
643
394
762
17
985
725
674
34
181
907
277
743
521
558
842
650
47
342
221
322
49
459
363
894
397
258
929
643
710
156
317
559
35
753
181
662
510
600
240
837
228
772
257
429
886
58
342
92
40
28
500
337
710
662
989
713
204
628
956
313
57
151
722
38
202
960
602
842
629
548
8
656
269
309
643
757
183
233
857
50
252
990
754
699
32
315
696
538
576
3
742
207
935
749
526
327
924
95
398
172
827
705
754
997
83
890
542
214
841
770
978
994
937
793
145
305
414
359
181
26
230
850
227
445
331
560
994
599
90
281
832
651
426
246
206
448
503
599
257
201
598
34
759
80
859
457
251
230
534
205
996
190
757
167
595
633
574
446
733
963
536
602
660
47
451
870
710
831
55
997
764
892
946
166
181
115
844
586
52
516
668
245
420
788
510
546
278
354
589
598
19
104
952
413
828
24
755
586
429
672
488
467
386
683
81
606
131
472
538
297
320
3
554
649
118
100
596
965
615
35
237
263
174
50
442
407
124
193
747
663
214
97
793
51
786
491
30
905
450
3
13
400
452
218
85
443
172
739
1000
362
656
652
816
709
919
471
611
436
189
697
794
438
374
456
547
793
889
19
885
617
683
438
39
160
9
790
724
839
990
615
267
56
79
555
119
329
502
869
389
262
710
360
140
550
268
143
10
118
898
819
655
132
350
280
262
263
456
22
540
942
591
297
586
778
148
274
535
433
357
502
937
571
385
634
629
563
55
732
295
861
182
612
369
261
55
749
759
563
798
555
369
675
80
413
521
47
140
168
666
604
854
912
513
285
460
335
676
750
463
627
928
646
178
672
373
195
270
792
670
638
444
989
675
454
687
194
724
490
562
215
896
872
66
26
602
291
573
227
919
806
625
418
316
263
50
240
179
876
71
821
710
702
18
387
822
662
933
656
157
566
408
360
463
895
55
546
564
592
132
266
356
723
224
275
258
351
273
243
922
106
283
240
450
652
53
923
680
996
649
135
491
76
698
21
559
264
260
331
513
420
189
744
441
162
446
511
106
370
160
429
765
194
531
394
341
736
110
576
727
830
477
460
228
490
672
102
793
883
591
677
353
80
504
574
464
883
21
111
122
702
759
101
684
119
611
683
299
265
355
719
389
739
970
199
989
81
302
242
430
925
921
974
396
243
763
930
867
414
898
266
667
910
613
98
81
728
299
410
853
876
834
33
142
882
676
706
203
837
825
911
986
255
880
128
541
109
631
795
94
1
515
886
501
449
304
478
887
743
890
26
490
462
1000
166
40
854
248
345
18
345
780
312
874
207
138
1
189
709
927
251
190
316
43
844
267
100
55
922
270
463
783
671
909
724
652
293
386
336
235
457
370
756
653
784
910
175
318
55
270
162
492
343
5
713
699
402
312
883
122
130
142
513
382
215
11
673
232
265
417
263
112
384
53
756
845
28
536
577
691
143
822
449
428
674
184
303
106
175
457
382
428
829
309
44
428
735
936
755
561
186
928
783
883
550
700
625
249
670
294
104
707
4
623
950
193
349
903
409
802
532
321
568
204
445
945
149
650
177
843
386
179
979
459
383
852
149
360
198
60
267
833
320
45
70
193
296
352
458
772
778
912
665
531
500
779
600
4
394
490
825
767
883
292
557
652
305
951
470
579
680
22
422
192
16
746
504
948
125
982
776
454
701
1
238
409
265
732
528
493
231
79
551
996
380
614
764
255
555
550
785
901
992
216
291
254
807
347
295
236
309
766
978
397
923
914
672
603
561
72
463
705
741
14
866
106
841
22
308
790
753
573
231
553
22
662
156
925
551
257
873
392
805
662
590
139
30
569
822
538
560
305
781
489
401
352
556
353
766
429
749
521
630
932
272
805
764
58
231
939
877
703
394
757
996
659
809
509
313
211
796
788
616
42
731
211
807
331
117
396
121
256
128
697
567
407
866
345
979
308
396
138
569
335
631
191
461
458
622
221
115
675
745
543
217
235
466
266
275
19
781
230
754
196
217
720
687
300
511
764
692
834
65
493
639
685
434
774
476
636
973
128
470
751
599
263
394
728
685
203
755
89
699
459
111
877
691
397
913
833
663
513
160
608
334
955
455
769
510
93
736
768
400
683
797
232
328
532
70
500
810
293
677
29
149
296
513
90
116
939
30
802
885
935
941
928
421
154
722
69
770
960
823
162
215
300
448
423
744
732
895
438
193
636
624
352
826
846
536
225
980
285
81
180
890
713
425
339
674
99
944
858
830
892
993
626
149
325
554
249
84
819
728
99
531
144
677
266
935
91
666
791
966
572
728
56
395
827
865
842
684
917
668
766
357
787
485
250
679
933
392
684
698
932
682
927
329
5
978
225
934
315
47
639
138
544
893
305
890
804
345
734
949
618
258
299
862
87
530
961
337
309
553
599
886
437
33
263
531
336
651
557
909
411
195
156
487
241
760
291
633
345
678
282
938
657
155
11
684
75
561
558
756
23
668
901
629
792
714
294
100
145
415
721
514
812
779
814
337
76
243
948
349
641
458
498
359
822
671
416
789
18
455
894
164
599
945
817
281
951
121
23
373
467
832
335
588
634
479
362
143
276
337
143
122
926
676
354
204
938
525
442
917
700
683
830
164
926
877
822
113
152
540
947
153
543
180
877
575
403
733
577
117
139
277
77
61
78
516
684
658
436
448
809
489
963
975
898
842
829
364
616
711
665
5
695
387
841
223
74
495
852
761
817
440
876
825
441
887
984
953
870
61
155
816
921
566
207
167
447
523
704
16
243
18
543
236
234
787
792
127
260
547
132
343
737
96
59
429
26
847
647
840
269
754
584
917
307
428
817
927
982
906
348
342
876
301
211
400
705
613
256
780
499
130
45
615
150
509
987
36
800
228
330
98
480
638
546
339
840
149
77
826
564
660
649
165
120
674
456
392
455
393
79
114
38
148
276
217
374
809
230
41
977
765
768
157
144
853
223
337
821
774
225
877
462
488
106
79
187
119
253
918
30
547
924
839
799
418
995
737
681
151
535
271
505
12
675
42
696
856
972
626
166
606
767
813
895
970
671
116
410
436
730
589
896
114
51
695
773
812
216
52
473
783
509
58
809
638
867
682
715
627
846
528
579
423
705
576
966
797
817
169
364
370
548
46
280
307
187
835
66
32
820
167
30
390
888
753
215
120
308
96
457
939
1
530
484
939
680
852
30
103
3
426
233
387
892
967
605
901
888
849
804
121
134
753
219
169
662
100
133
536
569
587
144
746
846
973
238
752
90
254
843
554
108
516
740
394
701
724
634
740
152
148
739
211
879
179
778
459
696
910
550
1
634
410
496
474
965
447
266
613
337
173
313
515
440
999
378
477
540
434
555
444
869
689
87
962
751
909
570
5
971
892
520
499
18
608
708
715
446
76
761
351
804
293
488
968
1
66
366
409
569
423
828
283
624
102
204
973
142
392
378
300
257
569
503
518
270
832
231
594
534
389
73
107
455
143
11
631
279
194
544
541
358
470
948
382
673
7
872
418
526
458
662
222
82
119
886
672
694
285
718
811
743
729
345
269
851
264
395
206
501
32
775
95
579
233
401
582
381
510
49
259
806
840
831
531
85
481
312
648
537
243
205
609
775
383
962
160
564
257
396
429
638
496
600
954
11
33
888
606
155
654
51
926
11
850
170
384
215
863
222
615
751
361
316
215
268
297
529
783
70
674
373
178
401
159
647
469
988
813
311
512
961
819
693
882
375
455
526
140
579
176
423
399
657
567
188
765
793
564
148
647
167
854
391
819
459
817
989
305
913
929
696
761
561
669
328
829
428
993
623
251
508
444
428
785
450
513
506
692
499
232
909
579
82
805
405
709
68
942
857
588
207
245
512
556
887
15
800
324
292
158
623
355
896
522
688
790
312
921
784
212
792
435
972
130
451
227
937
198
987
950
584
805
883
845
565
844
925
791
623
758
1
772
423
646
386
57
53
51
969
887
807
761
238
160
614
917
631
295
103
178
495
793
281
764
461
587
338
415
881
45
785
419
868
711
148
594
174
680
503
27
255
342
94
143
770
567
466
801
306
625
732
307
271
520
937
904
627
300
786
75
467
475
929
402
289
94
124
15
117
862
921
382
590
30
432
588
517
493
190
145
329
835
438
484
838
664
382
518
861
677
520
910
209
548
848
66
60
302
721
685
438
338
784
135
723
539
92
245
204
385
191
623
339
756
975
917
529
444
841
836
213
228
468
23
512
343
833
319
315
970
621
734
578
713
361
764
138
285
816
496
492
621
25
351
170
982
833
2
235
289
550
903
802
898
618
999
316
945
470
675
945
216
445
261
508
889
723
82
27
358
389
500
534
763
687
69
556
965
17
349
275
501
318
347
622
999
184
429
324
773
993
231
46
272
377
187
493
289
280
412
419
744
867
608
868
879
441
861
710
23
173
283
969
126
750
926
358
899
492
394
535
742
232
71
776
170
683
809
64
277
603
818
512
44
786
267
684
998
949
45
418
486
826
233
681
783
696
277
445
455
404
535
312
167
977
182
408
242
32
134
547
329
250
129
932
442
308
441
462
633
273
899
723
966
640
82
128
180
173
197
956
920
929
381
353
159
933
693
545
683
505
648
610
931
23
190
305
801
432
237
865
586
634
377
686
225
597
667
861
269
757
815
66
63
130
936
738
960
825
104
754
206
455
739
870
52
2
183
982
17
680
60
152
816
131
282
465
51
66
155
711
409
489
615
73
213
289
886
226
266
531
563
321
67
164
760
836
135
913
926
945
65
19
657
547
89
334
380
547
952
441
519
644
425
541
170
195
166
124
973
937
571
959
807
128
219
301
820
392
199
370
34
87
380
86
153
704
98
95
87
397
566
159
524
109
490
113
556
909
188
234
589
535
809
976
431
771
930
73
895
2
181
829
633
185
780
516
340
101
468
358
339
293
138
294
826
401
244
341
958
717
174
73
39
636
257
522
288
933
883
58
923
938
171
537
152
786
95
608
537
35
703
104
346
5
709
280
668
828
938
14
434
213
491
756
582
780
602
270
325
715
57
998
570
933
803
599
462
16
940
663
74
970
859
767
964
658
487
855
309
631
696
873
167
512
340
546
857
139
848
616
958
465
257
574
166
739
216
849
33
214
941
199
882
383
455
572
874
275
459
756
866
383
512
551
873
428
485
799
568
667
856
530
29
926
343
859
748
12
719
303
880
773
958
306
176
312
996
701
90
452
350
629
300
962
917
106
887
246
522
151
320
420
70
997
898
45
329
289
412
320
506
632
442
682
963
178
962
278
887
712
175
324
928
757
118
716
848
273
485
316
569
569
620
241
634
803
229
794
131
202
284
290
441
40
285
329
707
428
748
246
936
928
491
184
65
686
168
479
326
204
447
948
197
776
639
812
316
798
840
279
744
651
452
668
863
195
29
603
255
816
982
701
449
920
465
644
438
122
683
775
285
210
775
552
225
77
167
192
859
824
712
489
253
899
122
787
270
925
721
687
609
444
393
810
991
413
849
809
179
463
154
626
903
284
793
679
871
565
87
690
856
31
94
665
189
352
564
910
341
906
303
210
593
16
861
539
895
655
89
4
797
36
109
698
853
497
827
35
828
605
461
787
873
251
447
375
748
76
807
276
911
641
438
30
357
889
25
837
249
363
450
34
171
242
992
763
20
939
669
570
655
863
628
252
384
816
344
896
115
398
651
854
845
952
110
53
819
370
783
391
91
897
186
644
172
777
187
981
86
183
518
798
775
959
116
940
234
967
183
787
597
593
934
661
994
174
198
471
951
319
328
515
865
681
208
983
60
326
297
533
869
622
198
225
104
862
373
455
473
263
772
131
997
552
314
630
700
624
607
787
104
441
166
505
66
474
876
874
357
335
118
969
380
664
561
855
859
805
718
528
625
985
795
54
392
304
770
484
590
234
509
397
321
861
229
581
565
980
307
864
641
24
627
567
789
451
547
716
129
824
732
493
274
598
3
996
600
633
125
7
592
971
74
403
640
462
266
637
173
322
286
808
408
382
299
826
85
419
599
864
808
585
44
487
348
320
471
795
430
674
185
869
768
659
600
506
819
607
339
400
411
423
487
916
697
725
766
306
324
27
436
623
365
610
962
490
45
745
753
531
761
284
895
936
281
616
526
804
727
810
257
917
818
930
47
164
930
348
522
732
720
109
796
308
426
806
924
130
844
154
682
207
883
235
858
726
830
869
616
518
132
869
538
488
416
239
272
156
678
900
421
57
997
872
313
818
514
369
382
765
618
446
844
996
388
276
440
245
432
49
658
449
3
848
661
123
244
807
599
233
590
974
677
30
342
796
508
367
240
938
346
842
894
232
276
935
958
650
757
471
679
119
936
51
550
818
923
486
395
142
652
35
417
144
942
761
176
575
613
39
138
507
877
547
949
125
171
601
22
891
36
257
89
390
819
580
582
764
110
613
385
937
960
774
164
40
168
313
412
13
500
934
628
645
379
559
702
183
850
165
653
568
889
247
952
695
3
58
198
604
493
589
232
495
740
387
25
654
662
158
647
568
642
498
126
622
366
595
385
218
673
998
195
866
162
984
851
907
236
829
902
510
502
447
706
52
254
639
515
946
110
115
303
716
164
532
93
446
267
481
509
90
925
396
507
426
257
630
980
743
306
825
757
940
136
94
950
573
910
723
271
706
72
571
302
65
531
14
170
746
846
917
647
103
841
321
389
724
186
100
687
508
293
818
69
128
372
643
485
395
880
412
323
845
838
558
361
569
815
171
578
380
24
861
953
938
499
521
533
213
218
474
396
532
228
167
514
820
607
907
866
446
13
95
672
369
47
311
956
220
128
949
921
79
952
31
288
983
351
857
579
371
221
789
261
285
243
573
290
791
702
84
505
295
115
856
656
660
270
780
968
74
606
173
438
791
831
841
478
143
401
119
314
447
515
633
889
623
454
368
720
141
257
395
753
851
37
179
376
152
604
876
891
563
807
747
650
985
514
403
994
745
657
39
686
463
624
112
315
749
386
346
113
542
374
426
930
432
819
300
566
131
282
967
716
821
250
733
66
457
275
321
331
782
375
432
959
608
917
368
414
477
955
422
960
268
107
587
700
114
551
184
907
188
328
864
265
72
114
372
360
793
643
285
111
187
469
84
645
254
445
889
818
36
865
282
59
710
407
145
247
522
643
7
417
64
344
444
448
644
115
639
518
869
950
829
778
127
873
805
834
576
536
470
248
503
543
920
993
394
107
819
53
6
460
857
516
642
39
649
491
237
325
393
267
931
22
775
212
440
458
266
231
16
71
340
148
513
316
104
509
348
334
319
250
930
508
665
407
518
820
986
471
43
955
752
727
926
63
699
660
414
850
952
7
665
421
810
795
142
728
346
534
783
971
744
683
608
24
923
969
107
247
664
623
509
656
940
658
885
868
514
643
724
713
503
137
253
840
78
496
205
959
219
249
899
262
488
540
844
995
363
468
22
391
422
126
289
794
857
790
253
930
279
203
881
921
703
237
972
772
245
822
126
120
579
926
970
862
256
617
354
574
636
835
864
677
88
88
501
191
708
104
219
100
272
985
566
413
141
936
957
814
388
607
761
48
69
256
745
199
991
250
368
662
949
318
427
771
449
798
504
824
59
227
197
424
426
18
407
70
692
502
366
93
87
862
458
830
926
719
160
200
6
116
947
375
545
212
435
91
647
35
651
66
651
505
442
523
925
988
886
306
225
766
807
232
789
151
414
903
919
200
307
12
582
675
924
811
596
861
10
663
335
771
398
70
103
685
522
992
471
726
877
347
948
866
759
421
639
443
998
636
607
950
547
704
511
835
653
922
710
844
826
925
666
97
977
5
427
504
787
628
53
247
506
678
497
333
870
930
977
366
665
166
374
948
878
499
979
448
770
1000
975
279
706
994
415
595
705
50
609
839
238
699
509
693
369
483
344
999
111
21
770
276
262
142
562
782
644
837
333
256
499
992
124
511
650
442
17
165
892
854
275
877
273
339
967
695
939
467
602
41
32
81
296
472
319
197
539
893
541
562
556
800
361
376
887
530
939
848
695
649
496
628
411
634
417
780
95
185
874
586
728
934
977
520
330
308
577
459
721
291
956
865
338
198
861
391
831
621
930
589
808
537
283
799
138
274
905
669
643
949
992
336
689
34
419
161
543
589
244
674
394
242
314
35
715
436
445
857
249
198
830
491
370
248
834
903
462
470
444
760
16
617
721
674
508
67
959
888
555
809
494
90
782
467
875
948
181
183
971
266
740
41
32
536
524
692
713
65
983
427
44
195
489
343
829
62
379
969
973
624
130
153
630
479
827
577
649
245
560
256
51
650
815
329
281
262
969
379
543
708
701
457
934
603
458
377
797
355
617
839
320
453
680
45
803
950
737
630
393
594
633
628
470
35
181
753
688
906
580
815
70
477
565
780
845
167
219
220
457
519
287
332
79
216
321
653
962
251
289
720
210
246
308
666
444
72
818
242
713
206
528
841
879
833
403
867
381
113
46
587
586
306
656
653
30
550
940
543
821
875
189
343
386
572
545
705
37
590
221
905
242
401
704
205
897
701
314
648
624
822
451
733
714
618
932
528
801
460
871
280
350
600
338
796
953
886
858
651
29
613
632
178
856
697
686
94
447
980
712
616
25
409
76
920
453
955
71
598
661
890
643
972
980
230
937
690
261
596
318
525
961
951
134
599
190
546
763
387
801
970
329
475
128
343
174
95
787
372
298
597
918
118
323
740
914
557
520
95
856
531
793
346
769
182
88
958
511
288
586
379
560
63
917
583
629
979
472
753
660
201
615
538
331
424
994
117
93
571
495
615
918
129
401
615
862
677
459
373
896
946
577
784
815
744
465
11
382
761
903
370
465
166
270
282
566
229
649
77
666
891
185
562
333
984
255
154
404
222
998
487
889
212
316
235
323
595
457
74
374
783
133
395
95
165
637
647
304
570
498
744
285
624
237
526
545
660
178
287
473
222
395
425
351
905
660
943
186
175
116
373
992
292
657
986
278
543
608
726
1000
916
314
647
579
897
230
882
167
850
802
36
732
104
178
470
151
134
748
238
908
466
206
603
629
220
870
274
320
203
235
124
619
368
894
976
701
166
716
781
592
977
280
348
575
528
31
988
555
92
401
517
987
428
767
475
359
426
657
948
64
673
295
451
917
175
14
983
294
505
704
333
261
630
145
65
451
696
325
521
332
5
458
50
917
11
141
64
666
450
671
212
905
432
854
718
310
831
366
397
518
552
823
231
528
346
602
938
817
921
195
447
727
638
706
76
684
518
819
415
689
127
207
804
502
379
216
812
449
825
267
474
659
846
655
990
750
39
441
192
811
26
999
508
556
618
157
473
832
603
362
567
912
314
266
592
546
160
155
836
183
786
935
881
9
285
767
881
369
596
748
134
508
747
271
416
875
465
27
610
191
153
584
865
740
853
285
214
37
354
367
695
62
93
354
346
60
825
437
413
347
258
244
666
198
817
775
301
52
977
931
822
924
178
320
712
425
651
886
877
930
734
274
859
267
499
496
714
610
450
360
560
344
430
813
675
765
636
832
283
873
683
921
162
192
725
804
855
58
189
285
827
829
295
365
99
418
870
271
359
926
384
724
87
138
951
228
902
477
473
138
739
41
431
552
636
635
921
956
594
524
760
51
222
538
838
459
218
738
710
637
632
595
373
173
722
834
312
133
998
579
199
723
275
190
667
790
724
283
460
886
980
608
921
369
163
231
616
694
460
258
515
828
478
426
967
22
879
486
783
97
938
980
992
471
887
726
58
363
498
114
1
448
517
178
121
302
434
188
135
54
589
235
413
163
268
578
923
569
907
422
829
485
289
991
629
920
360
377
584
466
381
996
154
941
742
471
79
236
799
673
645
544
742
301
962
945
206
18
938
192
746
798
28
168
240
568
753
835
438
7
910
285
971
886
678
83
868
737
931
437
172
188
78
249
36
386
326
209
832
987
289
173
226
521
241
302
898
200
659
923
930
779
239
796
465
351
559
801
123
408
33
745
834
624
941
858
423
524
407
3
868
970
352
202
350
55
755
531
179
263
701
615
253
117
699
583
340
422
666
385
415
569
396
400
718
896
385
91
734
566
494
295
647
472
888
860
217
999
754
137
1000
311
555
243
5
875
8
55
237
530
583
178
289
896
760
191
19
959
140
148
277
289
380
699
105
802
627
890
167
138
289
995
615
824
763
151
184
122
261
608
675
980
961
297
718
418
954
220
160
591
256
190
657
660
26
173
159
77
953
646
748
288
782
215
907
816
577
563
843
210
232
859
719
144
499
896
500
34
342
303
464
311
511
33
979
965
413
615
868
526
545
81
753
576
623
163
455
332
472
582
798
977
93
289
510
350
374
116
565
325
43
859
579
20
952
545
594
647
934
7
91
77
553
789
402
538
718
527
754
555
546
277
514
545
294
775
397
337
721
660
859
647
801
937
788
421
134
895
825
790
506
357
63
626
214
233
416
175
937
115
78
323
317
94
319
118
743
714
404
666
88
516
785
559
909
196
495
831
328
800
633
367
950
558
33
506
265
834
515
134
372
367
530
206
647
477
477
732
599
463
174
451
859
635
389
306
436
929
332
537
834
212
984
554
466
128
6
384
204
372
229
261
800
126
105
233
268
183
630
785
608
301
159
560
770
82
1000
684
376
589
125
319
263
947
760
741
683
988
318
395
883
102
348
363
385
885
409
690
281
400
475
105
509
436
297
689
128
105
40
136
480
321
365
589
263
348
471
548
603
699
645
981
74
870
137
638
968
213
20
598
605
143
2
115
98
417
404
605
652
907
871
169
456
736
250
361
110
774
88
493
31
441
749
189
436
857
623
161
190
360
150
18
754
148
271
68
772
383
99
959
922
622
855
872
871
222
427
17
711
978
70
525
47
309
227
910
269
18
741
239
932
815
973
429
613
795
437
101
960
849
587
182
971
839
175
565
824
792
683
447
202
348
929
916
196
480
102
961
854
754
203
587
208
736
354
912
73
516
137
114
366
561
854
143
215
52
909
31
530
19
797
791
967
936
666
202
32
711
425
755
847
23
422
367
160
611
879
678
84
377
131
435
2
770
750
753
607
571
142
693
820
676
261
850
265
854
988
288
561
801
68
344
207
354
4
267
621
518
126
412
789
122
680
154
965
679
53
868
442
362
741
38
17
264
223
508
530
395
540
539
675
802
28
995
475
777
62
649
148
282
968
422
471
383
734
408
929
124
961
297
462
598
149
82
742
397
887
84
717
654
233
148
437
828
116
234
922
287
346
665
956
139
950
565
723
290
855
904
210
852
297
369
746
93
641
994
64
593
513
992
381
641
549
727
568
701
17
500
31
31
985
928
677
797
931
734
151
670
253
68
6
129
627
65
289
293
159
129
59
602
98
965
71
250
606
827
770
900
51
399
26
490
233
917
969
521
441
286
249
803
485
919
757
819
535
339
218
319
766
210
523
361
18
481
726
229
381
900
658
602
613
436
196
68
961
992
676
87
805
315
725
137
604
586
468
13
365
925
87
629
97
938
898
361
961
453
230
188
496
296
618
872
563
748
467
648
943
817
390
637
137
733
780
893
587
203
603
8
727
207
608
154
540
607
818
389
804
431
760
992
578
708
759
766
716
943
401
133
651
126
688
331
101
699
953
500
247
853
27
589
832
438
115
337
797
441
887
266
2
413
486
650
916
962
551
259
936
183
143
102
442
491
914
342
490
678
930
972
325
922
252
196
204
646
869
548
445
807
528
895
159
391
51
589
110
638
80
364
766
460
361
912
405
501
725
664
42
199
607
875
893
629
738
347
376
150
735
121
140
9
699
731
440
337
123
560
971
981
416
903
806
738
200
198
430
610
177
263
304
121
114
316
514
625
280
998
50
299
45
717
976
149
318
175
950
488
458
546
843
842
588
778
215
143
412
707
820
825
734
80
289
56
781
705
727
924
570
710
331
459
103
818
967
227
339
458
527
844
48
803
800
18
47
586
683
625
795
52
596
14
5
833
170
929
887
173
871
291
358
750
545
323
710
494
80
793
903
649
457
561
8
676
345
898
780
630
248
679
826
808
549
847
676
631
793
740
869
993
732
294
284
845
135
895
831
834
420
208
573
120
518
376
859
649
12
89
966
890
924
831
657
456
6
55
997
36
439
67
711
353
714
331
730
589
259
993
328
661
255
837
690
124
300
764
748
292
379
806
340
723
475
13
457
699
930
543
442
50
769
994
628
84
834
452
532
714
349
741
867
731
961
532
763
689
915
374
655
57
223
3
597
868
915
473
67
279
695
518
318
405
319
304
484
18
862
385
711
311
502
994
546
425
453
690
896
412
338
925
380
788
610
954
924
696
549
850
343
45
205
959
616
157
546
500
293
86
971
924
47
52
490
718
622
981
416
800
964
120
849
885
808
683
516
521
581
579
907
8
68
983
928
73
310
58
551
798
482
83
11
186
509
261
331
442
682
799
549
155
807
18
513
602
396
290
905
193
222
220
521
247
571
315
528
542
768
529
468
173
202
432
865
795
286
950
685
211
63
589
612
179
587
914
996
233
847
656
71
847
803
465
70
345
929
602
292
757
631
567
499
252
701
371
116
317
665
916
311
821
153
258
918
433
914
486
82
36
283
268
700
859
135
736
312
70
987
74
649
803
831
581
927
247
133
583
878
388
955
660
193
355
847
720
987
829
191
756
645
156
600
43
696
648
34
122
875
613
4
656
640
126
404
23
456
648
938
893
918
293
253
10
182
575
44
958
176
614
582
359
455
472
501
673
510
195
740
319
556
497
545
561
863
508
721
786
719
263
394
998
369
783
183
697
549
712
891
657
684
397
128
652
775
395
383
782
945
612
59
862
2
150
630
529
69
191
846
359
391
28
489
532
898
382
198
187
290
513
132
554
781
889
73
264
3
92
289
576
826
654
636
874
221
356
580
768
550
770
878
146
153
129
437
828
987
519
281
989
433
846
690
368
866
682
284
599
76
593
691
347
982
733
709
4
510
91
523
475
697
593
523
120
624
135
830
487
797
638
994
719
63
422
175
811
344
774
642
854
454
748
395
873
430
216
801
134
557
196
509
80
447
875
915
867
251
101
733
193
110
274
626
475
49
684
755
572
987
634
924
185
9
343
305
930
592
469
953
761
560
62
725
654
476
472
985
853
992
618
170
985
335
576
521
576
325
624
701
473
938
290
17
889
391
939
681
506
338
406
187
65
809
452
354
974
121
576
466
865
745
459
777
948
281
397
809
842
674
141
261
674
343
159
911
35
446
161
677
855
901
82
285
163
495
71
303
2
553
220
918
915
368
414
867
563
709
489
49
917
92
27
131
613
728
179
172
547
283
848
546
748
106
186
668
496
408
961
302
651
169
748
543
450
45
175
666
402
329
535
445
900
668
957
84
183
292
500
613
581
177
234
20
45
176
692
507
510
336
296
735
59
919
374
536
202
775
542
293
554
627
668
50
869
441
835
497
989
6
509
945
606
796
51
564
92
862
165
676
167
293
759
640
492
768
238
10
817
792
152
145
814
498
923
294
2
526
435
329
630
125
85
876
307
302
935
839
56
561
811
936
299
283
201
479
894
238
809
203
54
361
260
766
322
927
541
175
738
960
613
415
208
437
531
894
804
384
325
402
551
766
835
408
801
689
632
96
246
960
321
863
327
894
651
413
994
907
848
432
472
382
596
228
469
994
426
896
744
803
928
647
186
623
338
196
758
633
266
961
137
519
40
677
49
934
874
323
575
614
749
344
778
641
877
454
394
487
178
292
518
328
730
502
593
241
502
908
416
563
418
751
132
248
488
159
958
900
957
743
413
242
613
470
901
853
530
976
840
983
485
259
799
97
888
710
11
577
478
254
434
862
101
545
544
555
951
459
83
88
518
801
601
418
293
857
181
254
569
86
908
336
700
526
750
41
160
136
196
692
734
269
465
166
592
21
97
747
261
246
452
379
972
87
852
60
578
306
324
96
686
629
31
578
588
654
892
72
33
87
475
422
830
573
250
127
182
305
186
208
707
818
119
671
767
530
930
432
454
532
881
474
899
425
231
996
3
512
529
14
514
79
90
213
18
908
234
246
675
231
351
550
71
476
612
900
586
183
572
527
551
931
583
937
984
49
235
134
228
664
204
751
48
646
758
502
723
666
102
287
695
840
944
221
373
208
980
650
86
414
863
506
807
285
634
86
33
93
459
590
251
79
664
177
612
705
376
535
764
441
438
787
237
691
143
769
672
259
968
939
214
592
858
863
407
626
145
272
318
134
572
912
919
349
764
337
974
32
976
383
497
517
222
287
3
58
205
151
137
220
124
721
454
685
11
884
152
550
501
51
298
8
325
176
997
740
665
607
789
549
982
311
975
113
717
784
135
307
634
399
536
881
630
144
393
793
48
350
69
708
173
172
195
43
31
44
325
927
534
759
246
615
880
479
715
226
358
585
351
976
988
433
1000
217
959
896
196
479
145
898
523
717
551
785
893
834
779
386
764
530
290
588
22
22
405
692
498
974
502
676
178
818
331
253
238
761
553
730
133
302
359
742
722
919
131
824
485
760
883
436
655
878
382
567
827
320
54
642
267
384
131
387
653
91
858
924
457
121
775
591
802
3
631
466
340
962
479
455
602
789
536
783
90
702
484
705
724
632
57
387
488
860
463
700
302
116
985
602
740
692
848
115
971
962
468
833
667
239
844
107
115
640
330
75
856
788
42
35
913
848
539
534
998
803
495
17
699
540
650
848
468
816
50
684
743
364
775
940
795
686
51
584
810
131
76
326
119
240
846
792
969
299
130
91
516
126
941
268
743
991
772
170
902
121
240
975
602
665
989
255
951
997
235
644
834
862
379
765
447
498
561
24
5
513
414
76
660
986
329
514
167
976
482
958
426
404
126
996
753
436
931
385
25
516
765
990
314
427
883
649
417
972
466
558
118
841
350
605
417
797
774
938
740
700
44
969
637
920
111
111
735
314
6
173
481
18
92
957
276
413
141
76
714
735
644
770
246
157
876
655
648
786
74
879
210
994
177
42
183
844
475
88
167
1000
315
357
8
675
870
257
919
11
767
304
921
724
691
575
63
151
522
876
526
428
361
144
810
362
170
881
191
924
994
212
879
174
221
111
579
916
69
112
520
633
835
881
688
126
345
860
419
714
193
9
441
93
854
660
887
656
856
518
316
577
417
50
667
742
649
72
214
463
549
396
147
281
756
957
745
65
755
741
547
206
223
818
461
653
586
143
69
579
478
447
92
220
794
694
469
53
48
617
472
364
501
842
729
80
238
384
157
981
392
612
384
221
419
961
179
334
88
836
102
392
284
667
791
790
372
292
780
505
295
522
118
617
183
768
15
969
170
425
172
162
561
712
257
316
287
909
353
267
365
326
302
303
541
702
122
975
760
243
850
536
620
843
104
393
486
56
805
938
270
7
337
43
87
699
437
810
517
63
63
547
423
677
703
801
900
595
559
378
366
779
260
895
316
361
101
734
124
958
894
166
797
126
14
133
720
708
256
786
375
872
638
553
81
877
766
194
314
221
999
788
734
629
994
489
691
747
675
164
958
784
709
625
96
617
614
153
962
666
70
78
888
354
780
72
829
708
941
178
793
398
516
57
122
5
6
462
66
256
119
111
314
800
320
165
302
189
639
426
763
723
712
553
865
654
86
530
655
345
604
144
582
914
520
21
246
919
833
229
283
927
766
664
544
517
175
238
948
875
253
685
274
911
880
541
382
510
489
864
202
72
471
37
140
346
651
243
430
945
259
929
543
895
749
807
484
662
26
620
474
569
688
702
971
6
848
906
518
261
488
663
257
742
725
880
965
840
107
168
582
405
121
953
956
641
944
768
387
734
499
943
85
122
868
169
971
455
796
701
658
638
334
367
93
993
627
826
194
884
7
373
639
312
71
647
767
608
819
933
727
95
690
242
211
594
130
189
838
940
349
547
906
891
672
590
638
524
34
431
497
205
125
765
532
685
632
341
789
37
537
16
769
1
973
907
460
736
842
334
134
190
418
975
947
480
794
262
143
522
602
565
493
946
158
400
636
632
155
136
961
823
578
210
230
879
58
186
197
391
426
613
961
815
218
15
449
553
414
945
606
191
733
942
125
877
178
117
405
151
690
667
929
21
495
398
12
198
438
846
818
117
300
129
146
872
133
856
325
777
509
340
652
196
123
727
801
838
777
829
404
923
859
24
468
847
927
113
266
126
38
861
369
883
792
261
191
140
455
780
856
1000
198
393
630
190
681
268
495
62
734
874
53
793
966
414
94
196
815
744
7
405
630
909
576
524
737
33
734
702
623
926
244
891
940
375
238
639
86
137
658
233
221
921
730
255
699
553
786
994
850
616
735
139
107
44
689
483
129
892
533
578
818
481
157
801
729
921
671
975
712
308
170
791
699
208
819
432
940
199
592
148
114
801
182
715
88
733
694
608
564
239
282
215
12
385
98
919
932
777
192
729
542
143
443
91
276
958
588
737
612
403
878
831
842
198
533
203
139
737
327
583
921
414
316
50
395
350
329
6
437
659
360
503
265
88
748
255
600
870
254
3
91
22
728
393
882
89
468
797
906
71
726
796
531
19
808
365
247
790
58
899
722
272
219
475
554
665
206
986
894
949
758
889
543
170
422
287
840
185
811
307
225
103
655
558
807
650
437
735
869
728
561
678
747
527
452
99
46
541
130
41
664
748
422
923
791
381
8
794
486
999
416
550
785
872
413
785
121
889
792
338
994
828
424
516
249
555
708
206
477
529
94
743
266
319
861
125
386
418
426
841
779
876
487
640
568
881
432
818
919
836
348
710
791
643
179
861
808
679
856
666
530
19
382
988
345
839
518
970
334
872
278
818
581
792
847
714
410
346
192
671
421
471
758
890
68
577
597
357
268
409
944
338
356
611
167
260
376
428
357
108
25
876
384
209
935
250
71
593
624
574
618
746
759
4
780
804
794
790
336
519
885
225
598
60
323
60
134
377
659
501
147
377
275
353
993
922
182
119
533
94
569
797
353
505
814
317
594
612
929
971
425
630
859
60
322
914
517
129
253
627
551
989
408
556
174
628
862
106
745
131
37
383
553
67
116
943
314
752
380
824
584
541
17
522
303
922
34
380
65
233
295
107
448
870
248
928
33
272
943
728
814
992
134
971
248
782
37
985
996
810
719
587
246
496
608
182
493
781
416
324
809
541
168
954
981
75
122
498
657
966
950
542
871
116
581
441
170
423
255
554
345
27
146
759
331
13
824
707
958
710
460
288
429
706
110
269
194
947
81
445
572
663
591
435
841
199
1000
530
478
401
893
82
581
197
887
843
683
635
112
582
625
138
753
335
45
288
103
514
643
54
690
489
205
26
83
49
836
202
236
155
157
355
857
150
857
806
351
622
174
982
49
213
227
158
586
880
128
354
343
232
128
638
396
403
880
268
866
280
103
998
656
924
824
331
616
362
752
280
659
170
954
646
507
305
64
921
900
984
962
735
807
337
903
93
430
435
166
626
432
531
382
510
706
442
662
784
915
290
184
590
86
381
138
455
969
27
890
452
620
382
967
975
662
510
596
342
613
895
461
112
209
905
639
407
842
394
824
531
70
444
950
419
715
409
931
253
41
914
368
303
18
373
348
13
726
799
651
371
769
914
756
962
271
68
475
299
765
927
276
209
466
190
814
151
479
390
903
571
437
865
948
571
956
798
962
830
255
50
383
659
710
71
307
689
791
852
296
662
260
759
497
172
150
372
604
226
84
209
887
74
205
593
216
430
101
345
132
85
215
697
950
104
6
503
66
684
572
17
732
378
506
263
323
516
286
396
59
253
892
334
718
247
618
913
231
718
226
862
975
685
662
216
364
464
307
668
932
490
476
894
938
915
470
716
829
542
543
279
636
587
197
729
63
16
545
549
421
637
596
497
369
341
211
908
607
369
178
498
52
663
223
208
80
125
935
292
512
85
512
22
736
647
25
773
486
933
38
563
701
147
608
567
288
684
165
178
730
517
679
770
443
257
645
300
364
257
749
851
236
828
766
289
788
154
227
126
210
131
943
98
469
371
498
175
261
627
641
118
61
828
998
747
679
718
704
347
880
53
92
852
390
836
529
478
504
592
495
188
75
995
288
71
639
748
620
717
698
796
604
198
548
503
654
801
606
521
767
563
621
217
468
739
528
224
291
945
473
635
712
92
167
656
576
311
924
998
523
3
423
473
428
67
37
336
344
97
233
728
237
471
430
79
717
983
389
73
916
124
649
211
785
591
750
857
349
616
402
900
245
802
920
857
670
16
569
953
628
683
739
197
762
254
484
586
354
370
528
416
891
932
652
911
365
176
683
811
790
313
103
238
89
144
869
55
231
903
215
690
260
890
78
343
80
56
636
408
816
465
889
569
536
360
127
834
245
737
315
50
417
745
280
968
233
789
772
48
344
27
659
374
838
577
116
222
785
406
56
805
72
873
524
250
328
229
884
684
527
431
442
65
69
11
589
526
579
182
668
323
676
939
375
10
52
410
796
551
27
674
468
79
951
276
131
537
172
992
152
346
878
318
23
202
899
491
571
553
233
61
903
897
467
322
530
789
76
703
964
978
136
24
421
217
431
813
429
306
957
943
373
618
858
419
296
291
123
656
60
412
216
908
919
583
96
737
568
456
557
489
249
891
997
826
537
218
833
678
341
387
979
234
104
704
227
518
197
920
805
25
228
255
98
394
106
919
404
342
285
94
211
94
114
211
752
566
824
84
551
747
706
766
573
576
438
195
282
562
847
146
286
428
614
153
139
802
853
128
731
431
158
649
132
100
813
494
92
497
645
953
809
133
632
459
583
168
268
924
710
238
329
732
560
671
475
960
55
216
513
980
822
20
533
440
940
568
385
821
661
451
527
146
374
347
587
306
187
84
867
227
204
551
126
360
846
217
124
980
905
185
108
236
291
278
550
678
533
105
220
922
529
371
694
798
186
112
571
915
498
265
714
325
130
543
150
92
859
502
858
605
215
493
378
583
348
617
288
908
827
829
917
944
277
809
51
404
134
416
813
673
857
537
796
946
243
305
905
443
383
793
271
58
569
837
625
747
72
556
995
743
427
462
4
662
81
125
16
432
943
253
244
687
605
182
725
172
204
111
957
260
924
647
762
116
33
302
361
538
637
201
195
368
397
992
701
79
731
949
273
162
632
208
795
111
66
874
713
554
119
447
90
779
462
259
908
841
925
965
438
97
409
917
660
24
648
439
580
275
188
120
69
303
660
335
711
230
750
25
770
302
766
4
130
57
270
629
64
459
855
19
125
756
694
395
871
979
65
892
988
791
96
661
31
608
786
846
398
823
469
361
863
420
686
90
49
940
495
729
778
747
45
759
625
771
720
804
110
400
93
559
910
576
681
585
70
563
582
171
598
982
496
422
953
561
298
927
277
483
302
825
426
653
599
921
676
893
941
95
862
353
455
770
700
23
252
182
741
350
500
772
171
53
56
175
951
843
306
116
389
492
901
317
473
234
583
160
632
670
647
433
185
694
111
912
791
239
341
805
158
193
592
121
516
658
261
732
889
779
739
408
162
118
465
186
891
990
775
332
245
540
172
203
251
244
743
567
547
942
989
769
323
457
366
714
440
549
226
840
430
796
762
416
785
415
620
65
135
977
938
343
287
389
807
644
930
90
875
975
658
788
624
474
256
846
265
212
21
812
669
607
896
964
63
248
182
201
636
110
821
42
727
404
358
137
867
937
960
699
652
905
418
172
235
423
764
981
797
135
506
650
958
943
930
283
104
860
806
671
268
668
180
521
752
157
8
368
996
780
533
28
290
175
607
828
907
850
326
742
877
827
505
847
822
245
926
257
362
88
200
355
573
185
844
435
365
203
273
869
762
208
500
115
709
331
529
530
882
927
407
823
898
660
648
479
266
160
376
202
628
258
975
305
357
590
725
771
805
660
568
314
371
822
988
534
565
863
665
118
813
382
49
386
187
579
887
533
679
894
639
105
33
541
491
915
463
869
818
695
220
921
567
935
115
970
118
652
577
971
878
676
318
33
813
165
196
724
630
662
371
42
928
654
229
972
608
613
299
358
246
992
958
109
362
878
842
708
340
465
154
478
22
779
651
805
743
862
775
193
283
370
445
88
644
557
774
156
25
517
781
411
941
899
480
108
818
658
682
920
362
931
323
175
336
622
188
378
960
515
20
230
645
618
728
380
521
677
577
806
714
823
165
698
687
489
803
35
771
419
940
438
254
612
455
175
703
53
272
533
659
947
141
601
140
848
593
439
5
426
397
201
282
109
839
5
484
896
347
285
724
615
997
799
890
755
636
471
870
337
249
46
105
601
185
34
221
88
521
907
728
609
778
400
553
672
313
823
685
165
958
369
585
390
222
776
100
253
7
476
131
942
230
514
908
103
939
462
982
620
286
730
831
918
294
764
759
51
488
287
466
339
372
182
488
557
421
340
303
942
640
762
525
204
584
156
851
409
273
792
972
304
224
21
98
224
627
486
131
239
680
629
672
538
545
953
689
404
203
311
93
411
562
742
709
303
405
35
245
798
51
767
500
137
314
421
27
730
641
938
626
740
497
949
660
407
281
14
264
86
542
187
623
965
748
305
520
880
910
911
260
436
431
849
390
357
358
635
988
522
558
69
882
883
436
32
817
673
192
763
872
826
786
987
9
360
866
523
352
289
668
92
236
414
593
435
308
125
704
457
405
140
459
259
215
321
502
484
6
537
121
968
377
598
534
506
917
582
22
340
518
445
38
754
582
865
969
659
750
851
288
936
57
986
291
510
921
429
491
42
164
490
854
214
795
9
928
667
37
682
77
495
857
106
947
600
652
665
563
238
789
367
388
442
891
23
944
947
100
823
951
953
730
577
558
744
543
259
469
78
582
96
576
763
715
164
181
379
50
34
18
244
419
170
931
7
357
648
798
202
406
968
977
445
532
652
907
420
867
128
347
64
951
945
377
998
211
506
703
442
177
112
637
689
762
561
782
14
232
908
504
392
802
684
469
735
327
828
730
347
526
47
714
416
708
972
443
592
17
135
952
448
867
245
535
274
155
191
85
868
790
589
998
522
799
30
968
732
860
24
503
951
41
263
839
230
294
480
336
333
234
518
365
199
782
674
962
362
696
352
977
287
188
538
300
515
940
634
711
11
396
718
832
835
755
28
835
839
100
392
751
704
622
862
124
100
840
739
823
421
332
470
987
771
77
71
611
572
189
586
330
530
290
778
913
895
122
594
810
623
233
440
206
172
575
388
249
485
463
10
517
865
778
757
837
363
681
914
649
26
63
68
442
805
233
776
247
452
293
780
576
83
38
762
341
136
393
479
42
932
171
345
388
658
809
906
499
254
458
340
44
428
591
387
153
318
799
974
346
753
319
50
108
633
534
698
220
785
585
958
678
268
260
379
379
357
481
396
126
752
353
574
73
716
306
637
483
367
780
336
240
181
762
881
853
324
973
24
600
165
697
290
880
931
482
268
630
814
167
639
79
563
540
828
810
843
19
435
570
438
579
66
813
555
401
572
801
117
429
318
282
652
129
285
754
574
84
791
128
557
304
842
396
222
628
78
702
225
631
424
659
849
999
247
457
832
922
472
232
336
711
719
939
722
321
64
829
807
56
654
731
906
633
601
971
24
92
71
4
867
526
784
732
568
568
911
940
417
269
718
869
964
835
942
941
623
462
638
677
228
6
705
367
1
725
203
122
771
240
899
226
560
913
304
802
396
183
749
54
907
314
259
532
567
254
577
534
805
348
401
766
1000
123
918
246
49
815
864
50
265
669
928
185
411
504
161
798
86
693
87
929
676
935
713
849
814
285
239
233
787
296
538
261
331
705
682
730
835
423
693
164
491
704
287
876
730
773
999
556
676
950
599
268
715
489
822
348
656
594
326
734
956
506
941
904
131
748
371
903
262
353
968
826
843
498
116
835
993
42
365
10
779
312
574
167
398
647
305
788
244
337
204
846
613
242
3
275
700
18
275
555
852
512
658
453
873
197
380
14
781
588
27
782
35
855
244
462
895
126
421
92
423
984
764
611
431
268
504
418
86
435
187
216
293
372
337
17
821
613
88
563
365
895
328
941
55
151
671
961
766
11
848
910
407
853
754
589
489
382
499
274
713
138
153
394
45
871
805
612
128
711
274
350
360
241
742
661
639
547
515
177
655
555
83
224
533
850
207
36
166
630
639
805
680
170
939
379
216
632
520
847
519
609
729
376
133
796
874
634
104
500
565
820
180
998
906
31
30
10
910
414
846
13
567
981
494
477
406
742
206
350
753
815
230
693
858
950
234
133
75
527
178
347
581
765
433
68
63
983
929
610
305
145
616
386
154
763
750
375
221
485
442
505
569
809
484
886
246
118
189
966
266
138
162
285
292
731
79
479
520
339
678
653
951
34
981
767
348
611
57
35
87
65
421
247
933
598
32
610
591
908
383
14
160
565
892
196
55
732
916
475
567
7
798
521
329
801
173
65
710
239
197
559
108
511
773
691
943
195
943
213
162
208
469
747
414
906
519
268
17
546
206
484
859
241
641
967
650
441
959
638
123
404
722
936
40
829
749
643
794
250
789
748
896
577
919
908
822
810
291
933
890
679
58
584
680
431
881
265
428
370
736
534
293
983
845
992
840
383
20
200
925
188
988
994
584
501
203
348
527
131
233
482
821
725
12
547
402
141
763
191
182
281
755
905
738
834
766
123
142
420
811
896
471
691
470
349
792
691
865
690
543
271
140
686
196
494
889
36
222
420
793
80
58
821
329
859
797
424
356
525
204
304
350
960
629
480
198
539
16
278
944
415
915
154
212
63
320
991
973
55
557
786
622
997
642
898
982
494
787
373
645
177
994
881
770
911
3
640
950
289
109
241
689
640
624
939
337
857
638
956
645
414
232
366
956
203
382
120
448
576
485
800
755
915
213
213
484
345
198
463
424
393
397
483
524
868
890
102
891
174
547
29
835
883
340
118
574
801
643
548
110
475
343
657
379
616
530
821
810
620
881
767
906
570
411
972
388
917
161
761
43
801
366
352
81
826
702
248
57
531
982
962
274
604
721
792
64
176
627
353
923
883
90
542
883
197
198
50
135
556
169
814
148
849
380
191
293
204
389
694
905
671
82
667
174
921
250
373
850
314
769
150
375
204
616
293
739
461
778
267
876
789
952
258
28
923
558
600
557
384
28
358
531
892
198
879
197
391
866
980
593
643
460
794
388
367
558
15
263
348
277
709
12
468
807
686
121
407
761
136
452
714
599
32
254
782
102
940
182
691
930
742
194
101
903
167
928
680
888
65
28
225
777
649
267
536
149
959
890
691
80
761
350
181
212
229
842
56
701
275
758
464
102
545
415
711
385
523
373
747
85
971
55
253
321
994
897
763
513
582
36
561
408
416
169
672
700
533
304
551
33
426
576
196
722
654
94
43
103
862
595
559
653
313
440
41
290
87
689
470
396
708
305
982
339
442
766
699
471
873
622
986
724
270
869
674
543
905
492
75
405
581
34
547
613
167
754
426
452
132
715
643
49
776
983
214
428
905
795
420
693
468
106
851
194
515
938
64
133
252
751
677
694
874
120
225
234
485
229
350
854
945
3
706
199
167
473
638
253
252
710
395
901
56
324
27
742
544
369
343
184
959
653
462
186
484
34
508
264
832
733
231
292
29
920
51
195
846
242
491
943
852
918
435
66
140
879
670
578
252
11
1
955
123
411
4
980
14
621
403
447
40
995
271
698
62
99
909
531
38
261
829
63
189
204
557
375
452
321
53
177
984
759
832
413
141
321
721
504
627
54
223
402
512
996
636
888
788
803
171
165
748
266
566
643
914
71
302
429
115
458
224
84
869
612
209
503
122
580
160
40
629
598
565
864
128
310
274
1000
12
106
989
571
799
852
72
934
156
163
609
566
394
466
58
120
249
625
966
10
468
161
775
44
435
181
138
503
876
753
478
115
289
3
656
93
172
377
53
710
939
604
838
408
524
97
529
996
124
663
428
773
70
244
826
659
780
850
406
622
903
667
550
855
334
15
406
940
837
991
669
720
249
968
846
906
29
969
48
770
26
703
900
240
511
578
550
25
968
912
316
287
468
123
63
949
319
404
647
871
690
382
616
643
430
844
800
283
446
855
136
566
562
74
636
668
624
315
637
113
144
378
506
153
28
728
70
103
180
223
999
160
938
531
965
572
908
180
131
44
241
916
812
334
223
633
732
861
331
178
372
378
166
263
631
439
873
817
549
610
124
188
1
472
548
235
853
43
247
985
361
609
993
618
166
809
523
714
997
892
167
859
959
850
672
832
666
649
964
885
447
825
301
929
355
820
918
173
801
163
347
320
598
599
64
491
13
523
484
932
538
227
774
58
665
34
708
695
563
729
558
392
398
319
552
338
18
196
170
64
413
785
653
786
908
216
645
35
836
705
730
986
669
794
281
202
594
371
912
680
643
294
836
585
504
488
801
462
298
787
798
142
911
855
210
633
253
458
313
820
921
250
197
295
661
551
658
113
10
196
276
633
691
650
204
16
616
715
153
157
742
585
355
756
500
59
557
700
205
658
226
537
372
872
995
371
387
216
965
282
229
819
58
414
116
700
602
121
444
637
642
672
872
528
683
376
880
677
965
935
855
421
751
305
870
276
190
779
668
457
225
471
694
606
919
185
332
842
429
179
257
38
471
132
783
155
933
291
757
870
134
849
328
66
318
384
382
707
402
819
936
748
310
943
901
509
22
818
206
824
937
698
444
787
23
143
865
205
917
276
951
9
101
669
495
599
697
89
792
96
404
415
467
859
683
677
93
678
124
104
308
308
286
945
911
799
125
41
924
173
781
278
880
852
979
483
777
604
234
819
953
701
302
56
976
241
430
366
39
37
854
611
850
370
18
877
883
329
475
36
820
77
150
960
793
429
101
240
700
814
753
200
845
411
951
396
12
464
156
355
201
443
86
298
766
790
269
80
454
956
552
678
412
561
622
470
918
8
753
230
970
95
258
74
889
83
140
851
952
987
894
136
41
172
906
969
260
394
883
208
412
900
915
277
946
277
306
903
228
348
179
377
81
72
900
124
699
257
907
800
900
49
132
391
304
79
447
463
285
791
965
447
558
435
447
753
7
750
472
907
199
63
427
568
93
835
159
150
237
231
377
500
81
203
138
296
265
142
36
360
826
80
674
864
780
139
676
35
13
569
476
18
708
532
571
642
56
965
808
646
152
728
61
570
548
506
579
241
761
665
695
656
707
433
606
908
664
312
242
642
895
212
242
770
101
260
2
753
439
499
127
655
539
867
325
305
40
830
67
905
402
823
873
103
918
361
479
194
55
929
593
230
179
252
314
612
272
647
533
528
340
887
272
806
219
171
668
95
218
977
553
593
437
202
919
991
486
152
916
302
761
555
826
81
944
864
7
911
383
226
209
941
620
572
822
598
459
231
566
152
404
781
795
589
192
904
919
679
751
73
80
829
656
689
588
399
505
355
561
261
96
534
911
453
177
173
447
297
440
432
793
334
891
668
9
628
276
39
879
365
875
74
551
752
122
750
128
770
580
776
864
7
777
17
321
401
676
59
25
628
664
38
919
389
538
802
548
646
384
527
536
638
699
972
825
593
318
806
251
852
842
347
417
566
719
481
912
529
847
61
779
325
411
315
513
516
947
911
878
342
737
326
192
116
632
207
287
107
76
224
379
922
346
226
598
310
443
525
300
565
258
943
474
720
736
441
937
123
421
487
992
246
502
562
701
936
909
208
201
788
102
579
815
28
224
539
527
881
834
886
390
994
219
906
80
285
494
771
673
703
238
539
919
116
432
815
795
951
507
968
1
448
376
165
601
606
234
710
31
686
638
226
169
32
574
522
72
460
383
236
81
573
957
625
161
883
685
85
300
911
785
629
585
919
986
701
6
366
896
266
628
19
832
746
828
269
540
577
250
851
266
163
318
387
820
746
470
632
881
371
994
26
355
259
829
121
792
587
758
911
869
29
439
734
297
684
209
225
316
678
983
606
521
4
141
633
886
6
161
458
583
176
995
837
18
386
529
114
538
320
891
330
60
757
675
429
956
761
922
856
513
487
23
348
137
161
54
3
318
831
71
966
532
540
611
15
239
252
588
123
668
618
222
250
762
146
685
120
814
557
637
725
614
217
76
588
829
197
610
930
542
891
93
764
888
110
386
349
582
141
294
244
151
245
279
336
66
985
389
703
698
780
592
554
109
78
758
523
471
473
848
916
646
111
986
692
289
54
789
454
801
282
741
120
159
170
4
178
994
201
591
776
477
593
889
449
141
730
855
838
362
897
576
574
989
629
572
870
219
225
75
678
407
559
549
149
540
691
222
142
215
580
634
983
952
489
972
9
53
69
722
380
486
540
983
757
814
886
508
837
813
67
457
720
1000
49
378
437
582
664
659
596
71
497
20
244
153
462
49
243
364
544
990
988
709
894
627
646
495
815
125
178
714
969
687
276
767
458
898
583
509
326
745
549
352
233
717
66
217
3
477
998
957
747
277
71
539
573
668
667
351
372
50
961
12
440
101
307
463
389
908
499
113
922
608
209
352
17
746
215
749
430
111
890
42
233
513
813
597
78
734
444
691
828
370
799
487
950
399
876
115
362
939
348
165
592
836
73
256
850
422
353
895
513
81
880
131
237
823
41
133
165
183
376
417
732
250
278
399
508
617
291
781
420
479
224
533
243
689
931
235
977
786
331
459
539
304
376
205
22
47
922
5
178
631
173
771
436
963
117
524
971
752
967
949
487
50
390
419
249
529
613
297
47
457
844
664
528
546
719
122
351
805
931
401
966
593
167
924
827
867
528
76
191
207
345
733
130
371
816
778
851
231
618
788
725
325
716
573
139
708
665
887
497
435
147
990
109
993
43
199
217
322
886
126
121
148
179
700
639
833
424
680
728
325
657
166
990
797
913
350
508
462
140
425
71
750
757
352
391
591
124
583
982
721
531
241
960
48
576
216
148
8
542
755
38
128
631
531
748
180
634
103
42
517
272
769
613
341
15
695
160
939
279
254
801
124
627
650
387
523
28
306
989
109
460
600
322
297
793
841
356
418
566
995
16
572
28
161
56
322
673
635
908
404
876
427
767
208
74
344
607
252
720
743
376
171
301
142
913
461
797
562
501
778
967
784
981
139
67
211
511
230
250
514
892
823
818
451
181
203
546
655
208
886
872
64
356
939
505
982
417
484
261
998
770
692
862
487
403
877
144
195
78
268
419
667
25
723
294
822
678
275
124
697
292
959
81
883
268
118
707
682
148
18
164
377
940
201
858
27
69
369
564
630
917
136
418
790
493
274
288
736
914
34
392
429
485
810
740
214
909
392
206
323
804
170
673
189
214
497
129
480
239
345
18
895
709
22
121
403
702
912
228
860
23
577
952
219
702
23
931
763
120
317
949
496
104
968
601
854
824
175
697
914
106
148
502
168
73
595
195
966
428
120
56
667
259
801
620
63
349
559
240
59
108
289
353
866
66
642
244
274
518
492
840
461
947
381
990
1
360
630
64
129
155
853
20
302
576
79
895
173
759
477
706
76
264
577
249
67
430
735
409
698
146
867
927
815
365
380
656
6
521
420
635
937
416
493
148
155
748
671
646
210
30
513
754
765
584
231
378
178
841
359
704
755
775
284
680
464
531
122
657
964
226
275
883
490
705
373
23
596
316
944
413
233
197
834
262
922
32
873
995
156
417
815
797
993
235
455
609
910
246
665
458
656
599
586
163
441
109
264
620
741
56
73
891
268
541
140
228
428
457
872
87
132
229
429
220
238
318
836
24
208
548
948
598
581
672
172
609
382
549
790
174
811
464
969
763
1
688
181
212
335
617
371
310
366
54
84
603
445
51
719
833
263
573
575
762
508
556
913
496
122
814
29
163
236
74
639
290
910
610
650
495
345
486
363
35
219
934
445
566
201
731
429
406
226
151
293
349
707
823
649
537
434
69
723
530
647
969
111
311
351
417
493
100
931
663
652
572
387
359
507
398
517
495
182
543
544
84
878
769
587
677
912
36
795
947
301
682
911
228
507
491
598
678
668
893
145
872
252
515
567
115
717
364
745
177
598
115
748
970
139
616
329
515
291
445
814
273
389
870
73
612
11
893
739
757
57
254
281
861
754
272
367
661
40
594
459
466
478
744
393
856
198
811
764
306
761
907
752
887
659
404
308
790
512
916
116
897
226
721
148
25
221
126
107
43
7
905
988
499
631
450
21
358
380
815
156
280
435
11
396
980
661
922
834
761
178
94
914
629
154
1000
772
691
964
85
997
357
159
457
254
62
295
88
42
67
472
619
561
175
408
837
275
237
216
361
250
564
901
824
429
972
222
592
200
309
668
455
327
358
72
738
348
97
115
384
139
430
263
769
708
399
755
761
779
282
57
69
893
60
967
302
744
349
276
213
260
174
333
636
731
256
204
256
482
382
801
885
84
748
967
644
650
825
74
271
320
23
541
307
794
306
402
601
379
477
169
25
206
121
496
558
958
584
703
467
435
325
230
132
433
171
181
375
126
89
646
280
770
35
383
273
792
75
467
557
289
365
871
829
646
877
358
2
68
353
798
136
172
479
955
306
880
28
202
880
68
76
685
299
4
681
516
854
319
149
933
246
261
17
29
217
142
921
572
652
62
408
80
18
317
372
775
18
168
724
331
417
825
328
942
295
979
600
366
275
651
95
505
72
710
98
459
1
437
664
141
343
412
629
944
109
366
976
483
359
181
547
628
500
906
117
922
753
172
801
971
249
702
108
890
326
464
750
165
618
891
166
268
746
107
717
573
309
181
943
255
166
916
621
544
123
277
667
968
576
170
856
923
384
87
513
628
358
365
875
947
686
564
311
713
274
792
851
864
181
968
315
382
450
859
566
260
946
884
266
216
510
186
387
55
370
724
214
446
446
88
749
516
902
409
16
453
993
335
57
896
868
764
227
963
910
783
258
851
854
85
411
664
416
471
763
528
747
482
883
529
872
400
326
593
142
561
599
775
627
60
626
799
656
881
219
956
410
549
591
941
361
967
357
815
616
83
497
296
971
896
73
297
690
247
325
983
467
916
619
759
49
584
744
570
438
383
576
569
1
359
296
94
388
349
959
385
761
750
376
965
143
537
370
909
70
372
172
369
645
575
144
588
54
797
782
408
288
488
149
777
863
386
88
457
90
697
943
840
121
294
830
147
967
558
617
176
96
473
596
238
916
43
776
501
951
365
791
156
387
527
252
809
135
657
991
148
969
327
864
668
663
312
171
451
596
955
407
551
66
309
978
785
290
245
247
121
429
19
87
627
673
617
382
886
493
294
748
986
547
759
3
587
975
268
804
358
664
905
691
812
780
478
80
46
553
538
456
706
811
658
845
77
220
993
634
300
634
617
523
378
975
275
846
906
292
115
821
622
814
460
176
776
816
296
463
594
661
800
785
514
94
64
556
794
8
333
128
594
288
176
387
419
812
601
764
879
198
7
377
926
945
806
418
397
277
598
132
818
421
895
570
851
428
631
146
323
738
506
786
994
99
671
566
227
635
99
670
442
627
792
973
176
110
912
181
804
287
790
402
312
551
645
9
456
500
545
262
19
755
676
139
79
777
251
124
298
314
478
138
137
573
663
486
728
258
565
540
943
159
932
681
110
410
951
421
538
582
719
666
412
83
619
255
665
139
925
306
52
375
781
266
881
748
859
810
27
98
411
85
449
362
367
529
542
743
507
808
203
127
372
349
367
30
177
741
914
931
198
177
374
17
982
347
912
979
930
807
574
887
705
845
86
390
371
729
114
151
430
380
751
983
995
667
374
569
346
873
141
294
969
320
554
238
199
104
925
792
18
363
767
6
93
682
458
237
852
462
835
822
941
512
467
562
899
984
687
813
166
609
964
889
999
647
838
271
940
118
692
382
835
548
581
275
530
666
665
329
120
458
199
126
264
540
337
686
84
208
849
717
385
104
698
817
171
90
919
562
553
368
441
45
1
89
960
484
930
992
54
167
328
793
464
959
262
354
147
162
963
46
169
83
854
660
934
602
938
363
309
883
564
134
416
253
567
574
806
237
105
557
370
786
867
371
94
873
900
693
184
338
278
346
209
744
428
666
231
772
414
436
541
444
424
887
576
561
95
152
741
500
661
827
221
389
770
857
879
696
565
182
40
475
807
746
886
137
275
788
839
402
32
587
326
924
717
348
714
147
757
194
34
233
287
347
729
154
960
168
560
195
732
117
34
982
585
921
923
265
287
62
740
953
222
848
340
779
119
885
99
927
737
660
810
636
265
869
826
958
191
99
83
886
347
974
149
909
728
661
579
574
382
890
429
840
261
335
196
900
723
855
389
92
83
502
859
736
993
609
920
769
344
478
738
183
693
596
629
269
88
71
516
770
435
29
102
684
26
428
906
242
71
436
742
751
326
961
721
810
70
842
556
211
727
867
95
723
320
80
440
559
750
12
720
830
318
891
393
800
340
737
41
690
265
931
638
215
115
175
542
801
703
23
415
465
494
468
826
730
28
636
589
543
259
8
916
912
309
354
113
121
79
224
323
39
418
495
881
501
604
513
804
750
186
582
935
687
212
519
765
934
205
188
79
548
764
619
524
972
381
212
326
513
614
758
564
159
24
718
682
658
265
731
817
11
812
689
147
382
811
665
839
552
460
289
396
925
342
860
520
444
890
835
38
735
706
946
257
884
5
565
788
31
324
418
474
606
911
156
37
478
726
853
366
930
24
873
805
879
401
689
204
540
1000
834
418
655
553
558
843
429
363
774
519
45
988
980
644
986
481
31
425
870
258
612
215
641
424
452
481
226
470
281
108
356
412
27
547
26
136
585
706
990
556
674
2
191
561
970
4
57
291
278
793
808
763
448
990
709
707
823
441
209
61
112
920
430
789
883
579
628
825
711
521
476
84
824
771
781
176
228
250
580
196
748
47
727
295
20
327
824
601
311
271
616
908
505
297
530
40
292
841
497
149
678
41
268
667
653
164
198
210
579
906
922
653
362
63
716
927
797
374
126
452
587
60
409
678
126
830
309
729
132
332
121
673
646
124
227
150
383
160
25
979
998
923
859
279
634
31
224
450
665
646
454
566
167
271
18
164
572
578
707
487
359
679
535
451
691
44
13
778
367
872
664
424
487
227
505
69
118
493
209
43
310
275
143
353
670
730
378
610
344
20
299
872
309
809
897
995
679
195
147
652
720
679
125
730
392
481
806
943
977
38
432
210
919
661
276
535
329
541
812
492
88
542
842
684
991
329
486
942
859
43
329
499
706
331
901
687
34
411
555
935
205
358
743
464
277
800
484
514
671
575
117
429
270
867
474
684
274
367
817
473
996
935
98
538
8
709
726
953
366
328
50
470
155
814
759
779
222
719
569
402
367
42
914
922
215
792
443
755
866
276
768
737
591
101
505
45
93
531
132
693
407
146
129
197
74
730
922
455
393
95
470
945
242
477
872
291
98
668
554
534
491
768
255
605
34
180
698
145
231
863
245
680
893
322
312
614
775
689
315
88
974
454
771
934
153
760
205
908
264
927
996
527
331
423
240
729
860
688
987
724
854
624
913
749
520
108
790
507
348
313
966
624
254
630
114
918
730
971
962
845
796
202
844
530
426
604
184
359
212
429
132
924
100
309
766
71
524
999
813
575
913
771
85
153
420
305
192
116
306
283
946
164
444
564
731
320
595
754
165
555
920
406
775
808
944
340
56
664
680
397
221
688
40
806
112
450
472
742
863
554
998
349
909
56
293
398
203
702
306
8
211
913
14
76
85
889
379
771
899
483
262
284
698
932
415
964
915
583
76
770
265
724
368
822
633
267
712
260
636
582
932
415
695
283
685
21
670
440
161
958
342
112
87
947
529
173
464
187
314
857
413
666
85
326
259
711
492
549
82
571
9
52
752
145
34
846
492
140
196
109
619
59
203
577
906
448
261
403
698
811
402
409
944
559
495
985
701
985
385
948
831
770
608
964
958
275
879
619
885
45
195
744
545
592
904
628
585
417
76
766
108
933
548
592
582
369
384
125
78
207
571
722
53
697
658
921
165
535
704
657
607
771
684
371
598
398
57
740
848
810
575
58
267
721
443
59
766
721
332
130
474
612
907
867
194
100
529
816
632
995
344
130
93
20
306
871
427
749
259
336
249
783
642
462
939
522
649
598
947
223
440
748
31
892
281
426
330
358
275
555
61
638
669
198
618
759
634
919
393
237
258
970
466
35
742
125
705
244
32
922
899
439
494
491
67
130
223
885
852
375
188
601
493
444
623
17
809
725
361
128
380
271
341
869
853
587
640
163
974
867
308
953
922
190
689
744
468
889
986
132
928
957
707
721
435
339
602
356
645
114
293
390
937
885
568
815
502
337
894
212
589
743
894
899
988
612
218
744
980
761
683
237
220
482
699
426
84
782
450
440
286
530
262
609
406
236
334
573
358
339
333
266
492
387
281
16
265
502
818
188
998
650
134
277
662
849
366
367
642
951
218
498
595
749
251
750
350
57
737
25
548
25
619
589
647
737
805
932
204
491
72
546
703
501
719
966
707
299
457
146
362
176
406
642
260
326
685
698
718
300
342
61
780
444
504
493
192
41
456
260
21
870
62
596
663
213
321
989
866
600
13
515
413
832
153
548
300
338
824
926
750
533
523
120
76
323
244
648
113
72
348
862
198
490
206
256
749
339
164
423
488
686
488
739
192
710
266
945
540
756
36
932
92
774
970
360
317
843
441
347
885
300
249
786
371
1000
439
496
464
313
681
694
128
226
555
669
711
328
624
587
334
449
208
333
517
110
589
70
844
44
663
852
715
636
382
475
513
695
83
976
823
223
290
806
694
669
15
388
551
406
352
407
826
401
982
265
831
478
885
615
386
135
68
629
732
153
300
680
179
436
159
682
619
120
656
243
425
294
690
782
845
94
267
777
653
406
141
615
260
205
71
79
585
807
500
925
394
355
442
326
885
869
787
908
856
63
400
889
784
395
905
637
598
548
608
553
487
820
642
994
292
515
36
94
394
261
306
257
867
105
984
144
794
945
350
770
398
243
218
390
877
565
220
796
251
130
607
477
109
622
852
9
909
755
261
689
941
548
953
874
540
70
438
534
842
691
303
326
326
777
439
272
200
459
279
320
959
250
672
480
525
675
709
243
761
774
806
15
44
877
875
133
338
553
922
255
407
541
764
617
214
351
663
372
459
511
314
126
635
590
966
308
274
417
410
531
979
792
687
5
54
644
948
172
344
727
83
373
147
385
843
112
681
246
826
125
60
817
137
807
856
101
766
921
155
307
785
858
871
152
214
404
300
903
233
315
910
734
140
749
131
294
791
307
87
785
468
283
171
504
395
87
704
922
547
686
265
931
580
453
688
255
953
965
998
731
170
364
358
520
865
462
518
884
714
56
976
924
279
862
963
267
63
279
168
344
399
281
58
841
525
206
106
702
879
532
813
317
669
64
87
715
758
479
622
142
736
151
253
769
759
304
678
834
452
740
34
327
448
718
764
105
527
583
913
415
159
500
856
102
554
823
412
924
646
567
401
245
536
585
483
283
669
972
914
720
289
648
415
329
635
727
553
905
977
539
561
543
821
669
264
963
632
168
2
344
751
320
614
414
21
926
936
360
456
4
219
482
969
483
566
632
718
233
594
635
726
524
982
991
692
932
658
422
745
18
693
903
293
847
530
627
513
284
407
749
644
234
783
291
43
419
880
827
208
997
349
482
594
995
438
659
540
247
1000
70
557
365
829
47
807
995
673
532
799
316
792
649
85
932
410
977
710
324
869
494
95
204
981
548
459
939
101
4
326
404
876
356
366
112
209
47
166
891
74
913
682
545
794
763
785
529
836
969
53
198
941
827
580
92
516
267
928
901
719
542
307
212
913
272
592
988
387
495
777
570
975
828
948
330
359
790
856
326
137
925
375
665
846
137
176
420
222
540
189
620
709
50
12
584
145
341
979
642
267
522
127
890
426
39
394
95
342
469
588
18
535
718
199
417
902
394
502
434
350
546
407
783
308
676
461
976
947
336
420
103
48
167
533
157
110
265
190
805
961
773
409
454
396
394
105
266
929
218
256
8
796
417
454
219
292
77
95
765
53
398
133
385
804
537
556
657
193
156
860
88
610
364
361
933
543
299
49
301
29
583
330
589
236
562
878
359
108
776
764
447
543
624
915
689
616
815
348
736
746
779
975
14
789
805
750
413
921
560
141
92
695
666
995
819
400
280
292
388
635
18
753
559
815
344
53
772
11
499
610
373
583
577
811
235
50
922
421
456
4
137
641
126
591
880
170
822
998
232
82
548
341
351
5
71
252
450
319
966
174
137
444
189
923
542
136
851
255
761
282
436
782
370
966
326
484
553
476
205
475
64
529
650
733
204
17
276
948
46
55
84
418
966
846
371
719
913
253
997
318
447
8
34
48
660
763
492
973
611
101
219
64
458
277
933
130
784
425
247
67
642
613
825
793
48
727
244
597
736
934
101
304
409
551
790
68
252
34
357
260
364
416
130
704
580
422
214
860
346
368
998
113
628
38
851
964
362
3
204
20
356
91
108
553
947
622
669
92
807
168
150
508
331
385
607
835
512
472
741
776
576
93
543
824
479
895
369
831
478
477
385
287
759
650
410
201
517
368
238
725
968
20
514
4
480
99
899
416
518
932
502
463
95
959
234
922
388
711
63
209
159
733
567
227
315
229
825
596
87
602
840
484
447
885
727
738
718
180
296
309
804
241
566
803
444
716
129
679
346
777
444
752
893
780
768
79
398
761
341
66
25
463
471
150
937
791
495
22
963
75
629
32
886
840
563
144
784
814
691
421
749
373
259
225
159
213
928
95
525
369
164
644
804
808
419
545
562
798
445
600
683
440
218
111
121
890
513
531
390
894
25
588
975
530
358
940
71
155
565
864
90
603
41
107
753
782
186
847
771
245
50
174
321
971
96
176
874
388
191
447
289
890
832
300
431
294
283
431
568
334
355
272
55
489
728
139
42
494
94
325
148
475
10
949
198
151
306
804
987
97
429
54
887
7
4
746
852
866
655
689
849
699
744
990
835
282
920
851
293
411
80
176
424
566
108
891
469
543
251
827
528
720
483
721
66
210
179
639
238
781
956
308
200
886
233
503
354
443
746
342
650
848
41
567
64
816
17
234
372
948
732
856
335
512
201
243
112
281
534
875
283
41
879
503
668
634
646
322
659
91
311
202
105
789
32
925
79
733
776
766
88
207
17
398
292
356
563
832
379
132
354
945
810
103
906
895
255
20
150
6
509
50
631
778
650
19
325
824
876
949
720
116
364
453
266
264
983
337
407
609
361
19
347
991
173
246
324
512
444
79
854
108
817
605
734
783
292
821
295
981
113
890
905
738
621
373
19
189
489
389
418
265
345
509
61
118
726
12
681
71
939
321
555
152
845
217
404
357
367
876
315
628
715
425
732
729
508
772
637
139
974
269
462
951
60
602
757
298
162
56
447
891
882
967
109
214
691
447
208
897
259
119
319
558
960
551
14
100
750
819
837
95
283
973
654
808
812
37
437
928
613
835
5
158
998
792
616
85
79
754
117
157
330
979
411
380
914
391
497
902
632
887
607
827
884
39
533
506
519
641
536
425
814
50
398
80
668
734
630
704
710
509
812
675
37
518
7
952
98
104
948
821
563
24
332
92
436
799
903
272
484
993
337
672
408
383
286
332
556
194
937
620
603
206
868
210
266
211
648
858
42
252
652
727
353
477
66
725
451
802
773
252
678
765
309
261
877
525
22
409
193
170
549
152
102
755
225
352
728
214
976
717
481
421
193
135
749
819
906
362
786
292
550
278
447
691
50
681
939
937
887
374
516
377
404
596
96
853
647
458
451
354
840
632
579
682
126
494
398
326
168
392
373
9
94
820
88
100
294
545
810
383
779
808
588
83
733
684
962
927
720
911
606
959
868
947
251
247
303
867
446
781
741
644
39
418
546
573
556
312
359
581
4
531
692
493
459
619
115
306
438
660
756
760
415
847
35
670
532
523
962
750
753
659
666
537
204
868
30
822
773
288
344
434
607
967
686
658
947
76
8
102
160
926
474
309
11
618
959
418
637
907
334
556
741
173
213
407
342
542
607
547
160
743
862
317
989
190
787
37
889
132
480
823
415
370
104
279
742
320
324
958
595
149
525
545
938
824
607
536
987
992
579
980
321
926
820
680
817
296
692
77
459
685
749
18
821
565
46
597
262
314
29
193
606
371
407
581
538
818
774
96
305
200
987
563
915
379
365
11
716
398
698
222
950
280
605
163
909
247
751
177
596
255
97
129
602
236
826
923
860
234
560
815
976
744
408
650
181
27
70
845
224
897
858
292
409
391
608
801
218
494
947
330
638
506
103
920
791
674
83
22
395
823
609
277
174
345
366
213
291
601
902
786
53
753
342
595
217
601
291
530
754
788
10
553
480
69
129
84
957
840
38
161
939
320
933
120
870
89
729
945
264
10
789
830
942
370
769
149
918
343
634
196
282
808
178
211
570
885
77
568
755
809
838
289
64
580
955
269
213
995
150
123
932
956
101
338
626
127
497
226
440
275
260
418
60
865
766
285
696
18
701
396
265
868
795
713
230
702
781
709
491
455
111
468
991
607
877
166
595
907
21
951
485
989
763
511
822
348
650
704
825
635
979
331
269
283
378
46
560
723
52
377
504
954
654
638
854
583
685
564
672
149
160
142
373
491
128
337
333
826
692
986
660
367
415
293
765
933
153
26
962
533
218
68
35
82
596
687
392
385
364
280
634
749
676
312
542
988
504
774
21
194
631
369
705
67
573
693
725
109
538
518
653
473
708
717
156
292
629
973
163
5
940
578
722
505
15
657
885
611
280
383
639
419
368
397
812
979
194
533
26
844
276
452
584
317
745
683
559
686
805
333
719
499
394
444
341
645
747
255
113
938
846
883
877
649
170
943
46
695
571
53
409
962
310
894
70
101
791
112
248
668
421
324
151
238
518
480
912
133
266
363
358
585
909
199
418
227
154
344
89
686
967
681
926
35
603
917
790
474
540
340
274
720
322
297
380
416
862
906
1
426
868
18
939
910
853
718
44
925
648
679
77
644
354
211
502
42
258
860
822
688
850
644
932
485
910
173
480
469
336
891
332
82
820
940
248
944
97
196
393
481
545
931
868
88
379
158
348
903
770
839
544
488
912
447
352
173
419
902
324
677
581
329
612
74
714
269
761
476
320
13
589
110
388
128
386
683
568
566
801
600
439
311
141
630
725
293
580
271
824
56
265
219
255
879
239
710
498
110
822
309
486
136
850
570
943
286
4
92
127
33
465
30
71
375
650
112
775
822
110
533
858
989
645
209
298
495
549
702
807
427
86
655
490
184
287
311
114
181
989
502
470
273
224
498
883
546
885
848
650
621
361
229
239
645
252
992
506
122
448
448
580
935
951
68
584
440
567
105
645
800
889
723
241
560
95
199
39
913
564
680
902
309
929
901
834
530
270
309
990
826
836
172
721
400
923
610
235
709
334
412
584
70
407
232
730
704
217
781
397
564
428
167
113
725
286
284
965
224
533
746
274
422
797
897
441
500
481
675
658
303
727
554
902
513
701
831
823
342
107
778
102
468
810
836
129
944
957
448
246
730
385
847
440
493
718
516
506
864
464
592
680
13
191
642
14
914
306
328
813
819
819
203
657
678
966
79
562
368
836
948
513
581
445
11
765
854
37
159
813
718
154
794
153
113
921
172
230
545
6
722
352
566
904
622
684
822
949
844
234
268
214
965
603
506
382
864
597
145
407
918
780
455
111
781
674
740
477
993
811
773
446
411
589
499
240
79
914
577
399
185
942
716
641
782
265
597
847
872
426
151
933
87
698
874
156
370
36
515
792
385
617
692
122
233
943
251
191
413
47
3
190
571
723
291
954
653
662
197
516
663
696
243
511
909
590
785
671
422
549
38
837
905
36
670
948
918
725
238
362
736
845
302
550
625
0
