688
500
61
857
49
917
159
35
831
329
637
12
735
372
585
172
886
464
992
584
619
736
867
323
766
786
741
9
31
525
812
513
925
813
649
293
558
809
504
459
485
804
525
348
181
491
570
344
221
309
239
480
960
906
530
507
333
416
212
913
554
537
311
158
48
65
788
228
184
242
97
626
691
422
953
132
862
420
601
117
554
345
752
424
236
85
412
317
732
51
825
926
487
227
684
601
129
49
15
991
887
302
201
267
526
962
236
821
529
301
445
420
909
533
555
783
966
282
279
844
118
485
959
576
730
822
36
435
225
371
0
