992
279
90
135
729
897
78
254
903
494
696
939
386
287
839
425
241
99
818
671
766
337
874
581
880
595
957
349
547
413
600
374
97
112
712
290
14
415
904
352
447
903
135
913
81
36
820
938
430
461
510
651
22
526
320
732
159
528
413
594
427
737
697
213
312
185
272
382
796
452
949
239
489
63
271
479
243
726
889
5
164
365
366
553
694
281
178
730
839
186
547
473
689
270
544
117
492
257
399
362
458
53
365
535
55
421
485
457
479
181
594
733
615
650
604
597
488
589
33
718
48
250
65
108
748
810
788
712
776
562
170
892
145
765
58
697
430
863
558
720
104
843
109
498
592
193
389
80
27
904
851
272
676
536
325
633
938
193
277
580
953
936
648
673
406
506
897
29
22
182
257
791
927
326
807
535
35
609
913
60
107
880
438
690
229
177
256
282
766
865
196
91
569
944
686
63
303
981
156
347
967
142
965
186
750
674
257
533
712
748
39
21
848
453
203
120
692
85
853
310
339
420
487
202
381
794
587
469
473
863
101
874
241
372
87
579
720
218
578
296
594
705
518
772
34
655
489
381
200
432
427
323
961
821
384
895
39
369
391
693
677
109
639
21
88
11
810
271
418
34
122
83
731
686
976
995
801
512
377
980
455
393
445
559
377
838
765
575
31
286
111
155
859
27
786
117
686
198
1000
177
512
963
758
394
433
482
635
580
537
21
153
439
930
697
669
746
840
705
959
613
423
303
966
142
807
475
934
988
923
173
708
708
759
84
651
271
918
789
376
346
623
385
759
616
917
617
509
936
612
790
719
295
811
341
913
292
569
111
257
641
715
455
968
32
236
659
112
574
485
544
942
23
392
656
126
514
168
488
447
360
475
82
516
682
555
475
502
951
354
112
749
952
482
534
594
458
955
11
162
930
992
44
175
395
925
353
585
587
356
178
157
673
753
924
903
819
841
255
276
49
538
694
32
250
744
672
60
657
183
649
271
921
929
158
801
191
644
516
524
30
554
4
108
898
920
280
588
568
170
206
992
334
170
573
97
507
259
484
388
888
749
548
176
458
932
87
32
647
499
356
154
397
89
656
114
251
639
553
896
983
190
315
478
511
984
612
499
578
244
230
543
848
335
544
221
844
44
47
591
111
848
624
524
636
656
684
374
497
566
760
611
262
99
411
606
634
716
153
845
996
650
297
181
513
857
246
404
748
785
127
844
37
183
881
218
673
19
921
887
883
70
178
896
412
878
959
474
714
344
968
98
398
216
649
989
834
356
597
136
980
937
54
139
342
199
721
267
421
639
802
856
990
320
839
820
740
338
956
305
349
288
721
890
427
87
614
861
3
177
319
434
677
387
773
411
933
589
55
662
682
501
840
813
188
997
149
235
845
80
752
331
392
668
333
746
733
943
399
77
475
709
161
151
286
610
536
453
575
140
133
426
906
279
33
469
564
398
449
189
621
889
260
645
31
695
116
689
11
320
634
860
243
78
257
259
538
740
949
26
55
95
900
887
10
847
231
996
978
409
517
174
62
792
603
151
625
78
350
708
913
835
11
727
368
932
22
512
185
473
538
473
672
590
777
442
626
722
927
797
185
221
405
249
631
754
520
569
24
1000
795
766
858
510
434
496
558
247
120
546
415
714
464
695
799
372
977
990
140
573
359
80
16
812
478
994
110
510
413
896
975
997
136
667
847
962
92
719
571
128
455
277
728
727
599
418
793
273
846
787
377
289
91
605
414
545
59
625
557
384
449
758
641
239
587
633
32
516
210
422
413
628
976
172
144
782
34
857
764
885
194
716
353
214
120
794
363
222
293
259
642
912
940
605
664
934
303
460
198
98
160
92
753
271
803
510
348
84
808
590
700
937
2
695
374
617
244
602
974
762
893
33
834
380
785
589
714
503
728
508
202
667
90
101
329
333
780
135
600
766
692
200
410
873
847
429
181
322
87
805
850
342
967
63
397
762
65
475
811
82
541
807
590
954
759
88
814
387
521
890
903
538
704
142
873
635
668
632
130
606
915
803
85
408
101
940
419
615
364
230
250
468
20
606
819
798
690
458
38
888
197
87
394
585
317
516
221
76
822
16
434
584
763
459
962
880
523
988
986
737
629
745
944
761
607
816
433
133
29
980
368
336
22
138
802
791
236
16
495
833
109
807
156
630
140
867
924
418
814
377
889
648
206
310
59
945
48
941
718
342
808
414
122
325
666
793
959
840
515
132
504
808
161
261
489
997
689
55
160
611
281
141
628
567
431
249
222
455
339
947
112
0
