420
756
649
233
679
44
497
358
111
926
357
803
281
626
697
208
554
252
641
180
738
618
754
871
502
391
296
915
585
802
973
376
81
928
516
808
61
905
56
259
410
406
476
142
426
170
423
623
14
996
557
335
880
275
616
980
899
596
143
360
440
920
949
356
983
71
27
901
493
588
730
289
52
908
605
198
488
589
307
835
83
762
345
912
300
368
831
743
375
216
120
446
306
478
574
509
351
281
241
291
340
321
484
886
128
918
382
353
4
13
984
763
952
841
779
971
413
69
793
212
451
749
314
666
982
705
3
994
742
798
704
402
225
380
242
363
487
791
696
392
5
385
203
413
9
46
450
604
86
17
197
56
982
113
757
100
686
115
578
29
977
24
456
124
374
112
432
150
512
286
327
961
565
959
505
688
57
717
247
421
88
768
935
670
362
245
542
591
384
749
221
210
809
531
435
955
614
254
268
247
695
505
875
930
803
359
835
984
170
961
231
146
467
727
982
841
628
301
490
463
269
434
500
704
544
15
594
12
281
676
348
326
692
631
425
964
47
720
181
853
502
331
862
120
819
867
554
999
759
760
692
103
900
507
241
73
213
118
625
185
132
235
40
402
578
469
474
245
61
894
17
60
105
824
96
493
104
806
260
867
387
994
230
114
256
921
204
813
185
961
877
752
191
622
530
973
715
183
923
315
566
60
844
303
21
911
693
533
480
143
31
257
192
117
793
827
64
91
605
278
115
894
759
122
286
855
426
85
702
207
974
111
954
168
371
751
431
898
959
765
169
286
436
78
933
976
274
899
854
995
274
414
778
595
134
143
663
342
503
493
93
560
800
575
458
618
289
484
454
407
480
892
314
162
348
262
477
289
298
531
252
124
891
541
705
719
612
693
164
168
402
960
160
529
487
525
165
232
505
116
608
887
387
991
787
204
270
894
194
687
229
121
648
114
696
914
306
765
386
246
351
558
764
736
54
834
775
37
12
320
272
320
73
23
305
987
303
331
489
254
69
626
817
697
355
551
558
364
987
622
975
269
36
209
220
605
756
541
859
528
675
224
653
896
553
641
457
667
505
210
298
108
396
475
968
946
955
986
35
606
134
44
188
73
210
765
72
293
939
256
56
47
200
475
209
92
619
916
264
139
193
600
647
380
218
429
151
787
657
957
632
473
295
802
396
879
22
339
492
487
73
263
933
647
833
889
237
339
5
733
970
353
597
429
510
285
559
76
579
762
623
483
577
151
289
785
770
214
952
203
279
499
589
195
776
509
59
476
338
901
478
439
260
939
952
418
236
909
583
752
262
932
898
598
101
98
682
921
502
972
707
290
536
553
762
431
820
269
227
711
401
237
287
804
670
172
494
169
738
503
257
930
332
416
108
460
272
554
925
344
777
377
337
441
606
781
823
894
717
57
593
968
530
159
871
735
161
753
953
123
725
239
99
83
628
263
171
999
86
173
339
347
200
559
888
621
598
783
609
591
708
549
219
879
384
284
332
43
524
958
170
270
767
37
913
168
286
811
401
585
357
664
291
521
286
356
87
51
457
285
916
110
518
384
985
221
678
548
139
545
29
536
53
629
751
399
140
94
651
647
384
184
439
933
318
406
864
962
395
607
754
936
272
884
95
6
824
745
95
575
694
640
769
121
927
200
562
986
310
510
388
211
704
315
586
803
921
237
399
262
33
621
53
54
120
842
542
150
455
883
595
905
14
999
600
251
617
209
288
318
516
123
216
470
636
481
298
5
891
354
858
187
100
314
329
588
131
424
947
930
244
864
361
254
679
406
627
169
369
64
244
379
615
588
832
640
709
914
472
178
283
250
961
85
177
147
371
366
87
922
434
512
609
940
214
606
327
994
841
79
73
216
355
170
447
677
525
441
598
245
371
814
554
464
444
733
438
778
808
978
74
54
577
489
955
680
378
210
469
915
355
159
655
236
784
458
29
583
236
926
516
967
661
327
141
615
682
196
391
115
893
916
866
406
394
803
250
21
205
395
855
44
740
306
238
964
397
189
520
250
207
583
64
86
826
2
310
868
759
122
418
621
724
743
175
655
137
371
828
565
674
22
503
713
137
664
959
161
978
436
852
637
124
583
358
96
128
127
65
836
261
114
335
597
659
802
983
678
726
180
166
848
325
858
447
719
975
942
99
98
345
504
683
344
337
57
24
274
594
127
436
507
298
133
590
915
53
706
207
222
905
578
374
829
943
614
351
782
812
960
222
839
752
566
328
334
650
264
114
523
204
981
656
668
936
251
630
962
735
817
697
336
626
359
71
895
816
93
73
730
847
733
192
262
896
360
854
787
485
67
627
605
827
462
327
930
645
670
399
38
919
800
639
863
505
196
957
20
314
651
575
825
415
746
531
31
7
446
514
945
874
888
578
658
624
828
772
148
161
266
756
425
87
785
682
157
555
208
444
600
336
197
228
350
159
2
982
170
213
33
228
938
207
50
398
240
313
901
155
287
982
652
981
106
564
977
462
566
100
765
384
409
749
782
602
870
694
173
524
281
252
482
634
18
937
879
321
818
619
924
718
580
422
473
722
795
992
414
900
588
629
926
267
590
938
854
370
699
423
658
703
349
613
506
612
465
349
881
419
276
344
326
833
508
118
16
354
9
208
275
622
54
846
29
86
877
243
326
274
430
744
150
7
221
150
559
873
699
581
821
223
290
892
632
300
14
436
27
8
130
261
949
689
838
167
852
987
118
566
869
363
327
877
654
437
236
250
14
673
615
355
46
852
623
597
635
794
174
654
803
537
914
718
880
581
102
688
687
105
43
229
375
70
58
179
317
724
115
836
332
915
26
682
126
751
165
686
403
532
777
786
51
707
863
99
533
895
621
212
302
36
396
930
777
561
622
498
585
363
804
490
748
154
808
784
381
491
925
506
35
177
897
17
399
426
176
896
624
777
225
365
47
777
861
940
164
221
581
185
847
920
371
464
982
854
919
458
124
239
883
478
391
133
771
658
825
113
191
472
906
905
408
435
795
965
315
592
514
990
416
105
45
462
108
235
430
726
574
681
484
401
777
468
215
309
685
859
314
700
11
573
5
67
517
882
88
146
945
766
57
455
678
917
552
755
896
229
744
482
247
336
218
879
809
954
865
918
760
917
701
822
581
609
554
975
145
65
324
625
941
780
900
561
425
245
298
458
403
328
22
758
944
481
674
518
717
609
286
723
634
466
999
959
993
241
899
300
432
859
733
333
278
10
617
661
542
951
789
719
85
915
779
512
32
29
958
176
286
616
58
792
734
484
947
455
540
161
775
566
575
887
543
195
602
60
339
512
734
239
589
600
618
334
165
965
664
299
288
450
335
174
475
23
853
61
5
662
217
947
83
944
580
125
836
854
267
727
116
490
113
36
549
445
167
211
324
627
494
903
767
365
884
573
951
452
416
139
316
257
303
158
342
525
694
426
639
81
196
93
254
649
56
328
301
326
937
981
51
479
988
126
612
891
55
663
971
303
507
499
295
354
106
318
194
661
476
983
854
179
687
232
757
237
95
702
723
931
98
804
640
805
973
565
341
818
452
147
680
844
791
258
667
352
784
563
637
192
950
485
804
66
518
543
565
165
851
300
28
527
546
698
429
182
649
475
474
3
203
117
284
841
193
945
16
446
407
811
383
528
786
454
435
283
926
72
505
570
272
498
395
541
759
90
344
114
981
980
152
797
510
75
42
118
263
683
294
360
154
6
710
627
953
572
904
922
744
174
493
902
854
266
143
538
521
44
506
7
358
335
795
967
771
114
675
267
595
663
333
692
745
451
755
124
543
614
810
293
411
255
285
511
956
889
463
7
934
292
242
954
195
362
906
317
669
610
543
683
275
241
53
749
112
390
777
839
699
825
522
862
640
799
187
153
654
976
533
812
732
441
39
904
658
795
755
408
401
763
529
800
921
20
256
247
247
140
788
863
528
672
743
85
467
77
164
17
47
787
793
553
176
690
174
575
302
615
223
532
151
861
123
333
854
106
761
122
728
957
398
479
792
730
815
820
628
802
205
278
761
43
391
459
458
46
775
18
741
102
71
503
458
685
87
149
579
75
878
965
307
741
956
16
254
559
162
51
805
673
662
857
296
368
925
338
822
478
184
612
103
228
436
799
689
884
587
920
811
197
526
744
643
222
232
470
111
302
870
622
799
807
413
708
85
572
265
979
927
489
27
607
253
109
512
85
320
821
809
480
26
828
622
586
577
678
367
685
223
148
545
78
639
168
862
531
865
332
686
254
822
516
747
829
610
481
509
517
722
100
549
614
141
33
262
214
699
320
239
155
497
221
497
282
182
230
482
834
272
45
563
982
148
838
1000
739
460
447
969
333
890
578
745
114
700
443
810
682
211
761
688
141
768
161
832
50
801
228
273
26
748
276
760
773
730
434
754
87
275
328
11
327
385
2
436
312
138
129
905
455
753
614
267
4
689
802
321
13
338
56
58
291
368
126
959
792
848
469
527
257
861
505
10
23
544
826
911
528
903
312
223
332
784
818
770
35
320
62
85
631
420
115
451
0
