23
55
704
603
101
337
986
677
908
591
324
171
791
490
802
784
952
162
268
88
377
935
762
292
305
897
928
167
997
644
462
929
126
839
165
534
292
237
29
889
226
929
344
15
746
435
659
169
982
449
285
323
993
373
64
800
518
141
54
986
929
148
420
335
40
471
599
52
237
878
523
608
997
671
436
296
690
711
196
15
577
63
235
422
919
369
729
633
742
471
972
729
512
345
541
632
210
871
310
756
517
386
551
803
908
548
352
511
554
787
727
429
484
269
564
251
686
568
368
494
20
351
303
383
873
276
784
211
691
778
188
439
621
50
568
496
559
147
329
765
658
114
432
187
645
89
223
810
240
916
377
256
663
478
31
126
54
661
676
818
865
636
602
605
627
232
578
300
855
735
172
968
109
568
913
804
408
967
843
765
823
507
47
171
124
247
714
890
213
154
212
372
820
564
644
999
57
472
728
343
656
891
266
165
245
138
526
294
337
665
331
734
872
187
78
473
158
346
387
741
603
35
158
177
521
209
55
143
901
27
617
107
967
890
778
165
242
301
886
202
395
469
781
474
508
130
91
423
797
621
460
438
778
874
419
53
629
121
13
27
932
103
17
604
982
14
701
902
626
258
84
621
284
197
491
713
30
706
85
685
180
409
946
436
975
672
152
707
942
367
935
487
211
631
681
917
128
500
356
102
413
389
727
805
562
350
483
374
8
118
23
215
508
495
254
110
129
31
752
425
627
394
445
929
496
524
875
664
391
276
287
575
946
399
480
863
148
141
504
983
165
147
110
79
359
212
138
55
429
102
988
365
459
261
803
568
226
341
81
234
533
135
989
946
170
864
890
625
274
193
363
303
563
279
760
972
667
337
658
604
808
319
626
873
47
58
102
805
253
439
109
458
169
367
83
945
593
246
988
877
483
225
219
510
118
538
420
930
506
390
132
184
696
829
626
546
253
627
422
494
62
407
749
378
549
444
497
870
591
895
694
400
72
602
738
481
660
595
878
508
135
228
918
549
935
955
175
5
161
178
839
522
976
189
819
3
732
70
219
512
104
158
614
285
91
603
33
494
806
837
874
219
646
82
708
296
785
269
845
990
540
86
570
127
532
419
563
741
507
748
183
990
840
110
249
370
554
485
101
401
565
130
142
448
34
171
485
856
301
838
881
253
188
68
379
520
508
494
356
205
941
331
731
268
390
538
458
268
903
304
545
242
334
339
194
579
426
260
93
505
789
30
523
155
612
124
799
215
982
108
783
654
497
257
176
223
578
547
563
246
382
235
825
945
392
430
204
657
740
357
186
502
561
610
176
419
262
99
625
402
544
858
216
536
374
349
538
246
463
996
765
225
333
20
440
32
622
663
804
350
94
987
648
513
183
37
733
805
155
750
56
90
87
877
169
849
887
683
866
487
295
175
624
811
984
466
740
7
811
298
894
486
232
91
408
355
956
816
934
538
996
121
121
985
761
795
85
621
705
937
880
530
894
909
792
411
823
26
935
480
581
880
695
342
222
708
288
344
463
626
114
623
373
962
542
66
702
63
912
326
609
985
53
974
196
505
639
976
24
809
799
454
511
817
611
297
570
277
545
708
772
587
108
92
799
326
916
816
614
928
587
693
991
861
500
647
981
407
212
507
154
847
475
500
685
560
403
602
698
853
435
844
838
828
401
371
386
161
614
313
147
721
100
454
129
249
135
263
404
65
223
884
660
580
959
449
597
912
957
510
667
24
381
226
523
220
150
635
602
67
340
139
538
952
802
696
85
869
23
802
386
744
329
823
699
172
977
337
390
161
357
662
763
844
873
402
351
517
540
31
292
844
433
15
544
451
526
563
578
747
133
830
149
449
4
212
938
847
66
316
97
696
623
562
804
764
533
716
920
299
154
821
649
890
736
476
713
989
87
361
480
336
365
299
246
171
48
369
93
231
101
201
215
630
240
52
17
22
570
49
391
863
235
128
921
305
200
650
229
986
928
456
520
304
268
728
367
715
22
584
961
310
443
94
788
232
578
267
549
904
615
971
826
691
768
938
915
781
41
648
225
270
329
249
324
750
369
154
565
560
353
251
148
267
472
543
388
224
511
385
878
941
777
390
916
801
446
854
392
401
627
93
58
878
359
792
330
465
170
479
984
793
206
333
256
304
150
192
916
162
381
577
331
581
364
232
918
423
795
786
366
646
452
976
724
448
706
250
724
317
512
994
534
39
75
123
625
436
419
79
728
327
709
224
85
95
973
863
5
764
974
139
370
593
287
108
919
708
986
470
253
396
699
707
945
423
640
394
48
103
790
857
653
282
316
285
702
440
746
973
430
519
796
235
42
231
355
230
225
438
185
147
884
514
790
199
328
810
758
896
403
593
886
169
335
996
426
871
627
155
239
60
492
109
188
572
417
357
112
67
104
172
539
362
869
49
70
360
940
110
589
559
119
459
736
4
112
605
672
213
367
431
937
262
86
965
210
825
520
838
17
473
570
231
300
747
457
314
142
522
403
361
106
651
988
895
752
336
849
504
940
346
920
716
683
306
925
412
530
355
135
280
724
160
502
862
863
566
879
539
623
981
123
107
295
685
542
572
68
670
350
707
951
54
707
227
674
976
825
174
20
549
985
744
86
954
855
385
351
130
121
744
741
605
468
664
556
637
99
241
174
521
719
805
510
985
352
52
837
745
473
31
209
805
139
327
118
335
779
525
251
815
504
688
152
118
794
465
982
705
111
739
913
64
147
581
870
978
903
236
227
783
40
5
546
190
314
814
573
479
309
451
33
494
379
555
815
890
937
723
954
226
633
809
309
519
1000
431
785
951
551
277
952
773
904
632
580
24
203
222
19
911
873
733
463
86
574
175
705
33
262
16
205
359
762
795
213
721
352
255
227
694
877
824
544
904
111
793
562
385
534
242
406
199
630
330
581
331
873
11
40
491
140
893
156
34
660
435
919
541
112
276
891
208
895
235
878
113
985
111
633
131
352
942
876
859
212
431
877
691
873
164
678
507
499
577
333
430
174
501
686
867
988
431
640
249
707
271
582
942
948
488
179
590
8
708
238
956
659
298
274
141
570
312
163
235
775
628
847
192
336
133
198
334
477
553
543
443
166
564
618
843
333
911
270
161
504
141
64
165
186
858
250
149
690
336
172
375
841
50
429
919
280
546
316
222
540
332
569
97
218
877
756
818
37
196
228
978
798
552
780
895
385
966
278
204
797
651
631
503
280
966
629
627
790
365
495
866
154
240
937
734
778
158
67
628
343
160
48
17
587
630
5
305
622
115
675
185
723
656
906
17
494
473
721
978
967
497
304
498
437
383
463
834
723
124
855
64
536
700
319
775
424
553
72
480
60
910
372
623
569
394
245
398
527
567
426
307
168
216
799
89
989
679
237
808
35
47
549
116
266
966
920
403
505
619
44
218
843
665
315
5
973
130
497
650
667
570
539
776
354
891
249
353
544
740
474
409
270
688
803
67
5
718
480
605
406
296
829
694
969
85
807
585
904
488
764
758
664
363
758
234
588
473
789
598
995
682
852
368
284
343
397
171
830
706
531
300
341
251
442
3
961
164
480
335
374
12
416
311
508
80
453
72
636
661
225
821
821
358
761
581
768
729
93
62
799
721
907
777
515
433
76
161
728
618
67
186
20
934
81
433
430
563
780
163
768
827
891
496
969
297
597
925
74
203
751
247
662
708
32
397
498
811
486
375
478
693
688
447
852
550
893
565
367
371
745
738
85
651
52
2
438
160
417
535
249
928
845
83
87
499
259
110
363
553
210
580
244
619
128
452
858
603
473
154
161
992
472
168
130
508
519
455
282
474
169
238
988
13
796
338
52
241
847
930
506
43
973
248
552
829
762
201
532
559
715
181
184
843
946
697
644
264
355
985
869
840
620
670
159
156
346
621
554
201
806
551
740
125
821
103
263
538
489
611
829
38
1
998
589
809
611
329
859
299
306
694
582
400
416
606
598
73
127
923
856
245
784
711
76
433
429
610
993
970
149
551
852
907
252
948
103
601
477
327
730
940
75
389
38
818
629
406
114
739
499
983
372
524
359
431
320
697
628
937
116
302
587
145
813
196
785
27
994
168
554
264
572
234
945
872
936
699
581
370
988
476
529
622
424
88
449
184
658
431
301
623
746
930
778
64
16
420
12
250
333
326
952
461
225
404
631
132
728
187
671
857
580
542
26
621
835
79
755
109
545
680
181
342
64
998
885
661
343
914
394
252
981
461
836
230
632
727
544
258
358
273
911
373
48
13
980
829
237
23
323
484
957
932
107
754
249
640
85
409
577
853
902
653
337
535
700
997
729
656
974
612
822
76
300
711
381
881
581
877
317
683
784
479
841
727
81
606
444
24
710
918
137
498
11
934
41
733
340
465
958
400
206
619
2
84
7
708
987
98
664
358
262
63
572
211
389
693
832
791
485
277
805
45
112
627
522
480
603
103
564
674
61
912
657
567
1
828
877
899
249
93
811
374
392
709
874
422
689
38
831
111
884
800
145
818
555
547
765
842
106
898
897
891
326
497
536
188
27
531
425
774
610
176
862
689
844
23
341
128
427
388
830
232
486
138
144
95
756
362
275
617
475
135
508
440
568
254
43
298
82
83
525
433
631
989
312
272
576
632
827
513
454
389
240
144
756
391
364
86
623
683
765
976
692
525
459
201
385
383
39
881
232
101
231
692
352
469
666
634
290
980
803
772
512
806
404
797
94
281
562
975
509
270
27
156
711
460
49
23
694
555
858
545
788
915
91
396
705
344
377
789
168
992
869
8
100
163
716
877
818
112
716
883
167
173
52
373
27
68
878
510
630
959
762
107
535
230
797
62
521
874
871
574
100
728
576
646
877
978
992
403
296
744
67
388
519
381
661
895
103
182
738
406
377
925
652
489
602
755
692
420
435
216
460
267
10
74
448
681
673
297
417
193
470
74
78
417
293
561
522
395
103
687
536
960
538
92
738
740
639
119
203
209
534
690
617
770
899
832
345
835
454
963
754
362
851
368
60
384
347
773
310
12
187
452
127
873
656
336
370
327
512
197
390
911
888
708
59
364
688
572
533
264
421
641
674
470
129
281
761
577
36
555
730
838
498
834
470
807
657
35
261
962
775
226
710
829
870
281
28
478
681
421
303
582
571
943
120
85
931
906
956
524
120
988
44
374
425
440
999
573
97
913
491
259
660
821
542
292
422
705
680
904
262
489
127
580
162
205
912
79
960
730
983
423
739
848
308
542
170
829
273
98
252
133
476
540
239
757
853
658
4
897
869
549
311
552
837
122
600
160
842
38
644
499
289
376
552
661
207
813
280
66
307
877
353
423
775
177
448
302
637
934
995
152
605
710
519
608
181
532
121
27
417
240
534
218
409
214
397
496
254
773
450
997
583
756
73
187
484
815
615
60
970
830
627
438
865
285
268
220
800
148
982
953
374
954
385
666
327
749
656
955
110
111
537
372
93
769
681
636
583
509
43
22
275
590
722
298
332
736
167
916
350
27
298
596
825
789
452
731
888
63
876
480
895
730
44
538
543
424
392
964
628
492
702
341
279
215
20
28
317
245
493
97
310
144
240
955
587
497
675
499
951
700
368
672
462
543
575
736
737
207
585
172
83
447
769
365
512
979
271
510
533
948
207
68
60
966
913
186
753
465
704
187
550
642
14
208
788
650
328
58
553
174
778
947
33
435
715
536
230
51
36
255
611
79
898
467
870
703
7
386
30
673
532
89
507
595
416
5
111
248
87
323
473
836
219
182
20
790
177
483
605
802
584
753
867
979
280
614
569
629
725
703
591
648
83
984
676
915
264
761
562
399
529
362
273
391
610
909
718
914
989
475
126
458
860
35
658
727
750
888
885
363
48
899
565
937
505
171
299
613
910
7
548
403
428
297
175
296
678
297
768
537
753
353
79
898
478
487
320
959
178
252
982
815
31
617
384
208
488
933
534
764
982
471
889
180
806
521
201
924
451
497
988
941
35
589
811
528
831
351
643
165
955
851
435
33
379
628
896
933
789
147
982
699
102
398
899
549
240
94
964
283
318
178
949
771
160
995
518
864
28
233
371
220
171
575
155
862
504
13
211
841
924
671
466
793
813
490
121
31
835
470
502
767
435
213
424
2
66
435
318
399
937
551
328
699
561
909
400
717
570
990
127
382
979
417
889
372
729
307
707
196
829
102
341
562
494
643
427
765
435
412
806
707
374
816
454
752
205
840
337
766
46
647
165
785
655
704
841
907
19
429
257
110
271
317
109
174
987
564
191
577
5
834
624
318
845
455
755
419
506
548
973
328
379
939
945
744
612
835
122
407
209
14
618
86
116
985
275
12
983
909
211
892
94
930
299
982
563
160
248
805
177
480
905
1
15
229
675
928
470
30
991
141
138
872
32
835
424
469
442
721
429
333
403
413
969
806
836
386
108
599
222
563
817
458
680
276
794
470
906
504
549
482
30
789
649
128
909
983
399
93
682
539
67
475
78
40
998
457
258
977
80
72
562
298
999
54
800
203
733
268
797
169
874
671
531
27
100
452
97
939
311
855
881
341
479
105
870
18
808
266
483
909
512
150
81
844
853
551
190
851
648
302
321
409
919
738
846
812
41
24
653
570
871
524
446
670
789
890
863
629
160
298
785
929
276
45
552
815
508
232
227
983
220
582
779
254
268
688
836
26
781
729
356
947
888
393
442
256
492
839
387
661
568
279
681
804
630
688
920
57
230
71
464
496
730
780
323
940
190
814
337
169
11
123
581
583
548
597
860
699
680
946
363
875
883
158
456
710
66
728
110
978
424
802
118
706
822
394
169
298
947
227
556
824
105
23
522
966
98
681
233
570
970
992
848
392
894
839
429
164
719
224
671
833
357
746
396
246
317
119
512
679
900
178
870
922
392
838
180
865
901
239
660
36
394
970
469
807
720
345
686
715
526
389
962
232
592
929
512
859
306
784
656
998
308
185
799
866
500
104
409
357
159
139
841
476
231
846
381
910
247
779
611
229
425
49
779
995
138
656
186
30
840
404
405
201
598
402
414
768
736
486
182
513
536
492
762
664
128
439
24
276
489
748
51
77
982
157
735
911
58
300
97
657
129
356
211
849
959
950
593
701
905
867
394
588
24
294
664
463
915
345
883
12
724
298
372
610
258
35
364
629
360
136
271
33
760
845
9
646
897
361
649
352
396
19
195
87
96
530
338
2
61
774
387
259
980
517
901
510
854
930
591
109
735
179
832
310
697
9
452
462
979
582
24
188
556
111
369
131
896
924
253
908
288
918
296
975
411
269
753
381
432
126
85
856
10
47
229
590
866
181
540
570
546
539
41
616
112
625
45
561
778
840
625
943
267
493
1000
503
461
194
419
669
270
897
319
169
685
947
296
355
28
665
685
960
789
305
546
275
450
755
176
689
985
262
267
537
604
634
691
497
865
310
953
232
544
613
894
13
321
627
824
940
570
668
363
430
776
503
371
118
640
87
384
156
291
116
843
860
626
74
206
905
444
952
634
271
584
792
50
891
561
784
29
365
723
852
852
870
827
407
337
884
52
846
540
621
892
866
191
549
946
991
986
412
777
776
741
825
671
185
327
853
217
363
337
613
152
564
31
547
365
58
920
512
7
965
856
850
255
314
807
173
225
872
519
763
789
568
341
746
717
595
703
233
302
357
457
657
639
457
414
875
271
979
867
40
659
25
541
87
894
971
287
502
18
429
402
362
616
105
654
44
410
508
263
455
606
218
488
163
348
829
921
588
549
989
919
481
877
10
75
546
698
564
404
799
292
416
694
631
164
635
452
842
755
135
311
69
741
698
496
159
137
617
34
466
550
325
554
37
860
615
736
58
379
307
506
713
604
782
733
418
585
311
637
18
607
705
203
165
674
313
526
288
902
694
256
449
620
763
33
668
734
492
693
34
642
190
940
931
152
385
167
873
36
266
196
420
233
425
857
271
842
569
259
847
494
415
490
544
759
49
658
330
407
52
309
779
785
994
466
381
552
966
962
652
175
506
92
100
795
131
832
526
344
618
14
778
977
434
273
776
430
941
715
788
781
53
127
971
668
271
37
955
39
847
896
68
930
947
784
932
628
215
350
855
70
572
747
384
984
130
501
254
147
946
741
323
397
33
578
640
343
539
950
117
706
66
661
674
751
209
972
942
603
308
591
306
77
354
619
918
21
265
236
65
477
43
131
171
398
80
563
354
610
591
689
461
173
417
401
128
784
831
304
710
918
306
990
504
376
107
281
267
723
436
988
612
380
87
138
199
31
39
927
567
916
122
253
932
44
110
967
114
401
226
518
414
260
727
695
426
221
692
644
854
539
494
754
26
88
951
647
571
844
629
148
66
69
603
190
104
750
359
444
30
661
256
227
156
649
832
873
982
227
806
207
966
618
236
894
473
495
492
416
761
720
213
807
268
337
207
572
53
274
564
963
187
150
837
456
408
25
655
866
460
306
471
363
414
272
718
137
853
146
599
417
595
835
56
307
668
703
874
555
853
220
695
182
751
141
714
395
62
380
745
205
442
10
686
185
169
448
641
304
467
340
130
686
897
819
503
512
682
320
555
347
790
822
496
277
779
720
416
13
657
612
164
458
377
943
244
638
202
442
532
366
501
600
384
779
527
714
704
490
886
844
898
799
59
996
246
81
494
672
304
955
539
864
31
62
498
44
183
804
394
221
939
468
664
86
992
633
902
930
653
258
407
681
295
330
777
103
295
779
463
937
880
495
556
934
966
975
655
952
416
632
250
576
59
241
346
642
521
713
738
850
824
976
444
669
94
520
992
832
60
491
538
558
540
937
986
638
692
310
404
809
579
125
830
774
723
835
943
259
889
558
390
514
402
109
601
197
701
425
593
149
392
26
834
508
353
804
601
259
260
747
891
52
301
460
972
427
113
80
520
344
943
503
452
16
838
30
801
680
479
876
640
764
776
453
779
239
107
338
612
916
276
711
207
199
452
928
391
963
203
347
785
794
724
707
737
888
326
447
654
500
458
994
924
909
565
528
325
413
233
174
328
685
370
749
42
636
861
769
996
145
287
499
965
541
600
924
558
268
600
269
984
631
254
745
703
193
341
298
837
648
194
924
864
765
634
302
287
283
167
270
523
794
575
45
108
151
493
59
789
106
688
169
889
566
873
567
378
465
551
28
20
120
26
880
359
866
870
755
501
924
843
418
77
668
856
87
471
901
858
541
548
725
726
839
807
599
924
198
947
283
523
427
754
934
769
674
710
650
327
535
306
802
864
865
591
345
726
132
342
867
761
137
239
52
192
470
128
169
270
750
433
559
95
175
361
984
871
303
678
319
56
652
844
22
948
631
560
130
665
843
190
980
663
44
341
872
318
78
542
248
693
599
735
683
17
575
384
336
68
113
873
882
659
773
688
640
209
379
378
262
356
490
277
826
237
987
600
268
980
768
587
364
849
691
283
876
814
279
431
384
362
585
742
795
291
899
116
873
546
141
890
29
548
211
874
565
665
997
786
504
496
119
825
765
933
525
911
185
300
323
24
700
368
602
38
904
79
959
92
310
343
538
620
200
962
991
18
930
108
136
566
548
437
29
196
500
705
367
136
377
601
140
980
787
505
66
530
402
543
753
812
265
117
71
857
55
212
782
88
710
433
564
440
782
646
104
171
754
441
602
945
846
390
922
72
647
472
690
709
480
411
825
390
580
877
230
281
949
306
444
640
408
722
738
478
775
157
458
258
723
23
23
747
774
490
300
356
146
351
540
743
266
78
550
551
958
176
873
430
174
721
298
834
344
454
792
208
498
483
856
177
931
96
342
170
267
526
957
542
231
415
767
349
494
457
290
308
918
495
452
571
934
41
749
117
834
89
184
50
266
50
992
752
594
75
73
432
729
149
311
754
520
988
828
31
276
639
578
501
665
184
845
421
257
980
621
357
273
359
455
29
282
714
595
507
137
986
767
953
553
491
666
264
855
91
837
283
656
408
832
999
676
391
335
59
211
135
149
227
442
93
32
842
207
192
44
534
489
710
471
872
838
521
677
101
152
792
542
499
482
795
596
297
561
594
775
530
558
60
507
691
785
449
645
862
128
556
327
449
528
378
256
493
791
543
909
571
527
68
549
742
423
994
754
932
617
429
633
209
412
484
83
164
449
993
990
477
885
467
14
293
683
80
335
853
496
117
554
879
361
532
631
861
893
492
320
789
533
337
600
511
764
801
845
437
176
466
444
879
458
828
905
701
758
725
185
104
351
598
990
769
29
373
349
845
526
157
774
941
984
629
586
847
104
614
599
54
375
130
531
62
338
507
458
202
624
841
223
826
751
293
952
855
675
260
582
647
193
141
329
472
722
743
527
773
73
414
470
98
505
148
218
1
73
193
262
298
97
846
49
356
509
741
979
84
222
580
462
661
148
343
510
255
26
38
746
839
385
251
531
344
823
185
310
922
55
86
971
721
702
871
758
445
533
289
272
130
432
894
395
90
315
372
692
829
632
723
315
423
794
818
1
436
103
592
675
44
444
920
686
644
217
932
980
931
524
177
130
64
207
109
961
759
811
529
687
24
451
455
478
856
823
746
500
838
6
127
934
340
390
551
960
394
641
105
665
615
607
895
148
373
644
638
651
107
598
235
159
79
521
797
930
699
968
200
445
947
577
305
903
554
55
922
152
718
464
180
767
519
222
210
109
77
899
112
273
865
615
706
241
738
154
132
855
642
533
788
624
97
937
927
455
831
814
135
666
326
143
336
685
770
332
833
66
409
990
523
67
312
343
588
269
160
839
668
773
851
298
140
525
937
331
866
547
410
128
745
536
554
565
583
559
51
137
463
341
107
837
495
410
385
833
359
629
560
893
850
625
359
615
696
27
785
883
372
310
619
928
239
381
495
199
509
770
813
606
68
750
423
85
474
622
730
210
476
523
934
117
856
793
177
944
118
868
114
679
585
933
852
867
946
322
415
433
283
783
43
588
357
827
7
610
253
507
918
431
305
165
467
364
621
735
905
986
469
917
643
47
794
841
663
129
715
398
825
852
670
186
275
276
819
593
47
617
309
260
410
377
503
928
903
164
431
500
700
678
573
376
924
385
466
105
824
769
678
333
653
404
176
393
284
513
357
647
600
257
252
711
930
748
780
210
767
824
754
50
733
875
120
88
185
350
170
41
99
835
8
218
754
883
648
530
501
19
154
168
333
568
568
708
209
679
334
40
964
308
285
703
668
842
645
709
52
885
459
726
33
696
871
273
476
887
207
12
80
504
457
79
825
539
837
860
834
890
476
822
49
538
867
813
109
499
231
670
568
429
273
481
818
940
11
155
464
388
125
537
980
110
868
86
207
136
360
986
880
571
500
291
118
426
89
936
932
911
969
414
578
935
777
423
844
180
990
89
585
374
430
653
546
324
917
945
810
452
248
849
131
350
165
450
515
302
670
862
443
110
175
696
514
984
346
650
540
579
890
554
452
846
839
656
790
599
911
414
688
792
503
547
477
595
598
353
568
907
7
446
342
356
227
487
855
792
875
66
340
785
470
138
677
643
403
225
944
862
567
578
336
336
506
737
99
67
441
271
927
715
79
499
450
76
512
94
100
66
107
239
746
843
586
38
713
813
216
555
556
481
3
450
668
150
78
705
953
690
972
977
301
573
942
922
260
734
340
910
842
435
770
921
27
824
716
920
510
990
858
28
735
849
960
685
128
563
899
547
393
567
955
463
239
545
732
605
615
929
679
992
517
306
114
577
349
596
965
958
933
745
190
810
780
360
119
855
577
148
807
550
206
979
642
412
178
545
814
908
484
72
199
16
870
737
73
684
297
376
566
380
700
156
451
311
876
361
35
550
484
478
879
109
31
505
747
256
480
23
788
342
282
904
879
642
246
683
357
324
932
686
574
342
419
797
423
387
583
185
59
834
977
932
218
47
947
616
804
653
368
779
210
331
593
894
52
845
237
455
709
512
125
568
677
276
64
388
678
295
489
517
753
47
613
149
856
240
719
412
532
830
73
956
513
795
352
488
624
660
618
439
825
681
927
870
165
455
645
335
865
397
524
478
952
493
904
446
284
604
538
120
284
963
953
689
91
839
147
753
604
513
43
676
96
280
345
470
740
623
120
725
979
185
434
887
145
62
291
275
273
888
811
89
893
74
821
737
158
326
954
759
777
527
731
162
176
255
307
373
707
104
822
904
939
519
96
399
841
315
93
67
753
524
672
893
740
1
974
28
612
505
397
539
727
777
202
217
827
391
345
716
775
488
295
361
334
743
620
381
114
150
210
190
146
525
558
114
201
124
222
464
238
855
268
601
483
977
412
209
109
333
391
432
637
672
218
972
3
63
861
427
5
54
609
291
743
196
102
860
476
155
467
223
749
56
83
586
211
174
931
886
518
369
468
289
283
747
883
5
51
415
289
585
994
155
249
908
502
224
126
64
724
702
781
9
327
925
292
535
464
66
171
594
959
9
349
122
603
648
322
478
342
146
940
227
22
812
295
434
168
428
927
359
814
970
419
668
865
446
659
43
443
114
954
906
247
915
58
54
725
741
91
773
569
453
954
388
290
803
802
947
311
682
650
872
25
456
645
467
263
595
836
413
946
121
934
25
359
974
182
982
671
710
226
889
956
245
486
393
776
42
975
743
125
854
732
122
174
45
915
84
851
160
516
553
172
344
685
437
41
191
434
2
792
188
102
847
925
79
752
473
281
409
146
77
114
371
823
374
208
987
501
486
656
754
137
660
308
485
814
8
549
185
367
366
759
534
297
520
51
848
409
169
843
84
851
982
890
147
915
959
940
559
253
918
865
35
176
520
721
742
789
864
811
775
590
825
358
395
521
867
976
603
681
154
352
212
37
328
150
207
459
906
317
352
526
33
835
115
841
447
368
452
612
988
319
684
603
739
121
441
260
975
936
240
572
521
27
478
65
561
954
616
848
632
681
536
864
581
274
977
308
811
345
94
11
519
237
174
997
322
945
235
870
254
787
869
500
216
670
35
552
405
168
124
89
658
652
670
747
871
141
370
610
939
58
43
901
758
748
522
41
357
128
177
507
18
50
50
931
716
273
233
737
923
836
960
871
456
253
30
185
700
479
272
318
521
470
656
488
995
868
870
658
533
520
50
612
125
920
857
945
361
850
143
821
512
544
983
370
981
197
427
699
86
903
910
67
182
368
628
612
607
229
883
989
377
818
595
205
90
553
975
142
464
359
48
468
746
779
125
976
301
492
957
499
275
511
60
371
647
331
244
95
159
911
161
126
825
171
928
634
662
866
985
73
82
178
329
24
869
616
56
905
800
616
941
871
918
572
482
218
700
215
346
328
432
387
374
901
619
51
824
545
461
976
688
681
391
536
952
554
77
890
642
149
369
576
581
409
258
492
892
994
672
955
830
466
478
741
827
349
409
701
31
859
775
765
546
522
172
626
705
626
14
334
383
772
134
124
965
112
186
547
244
734
806
526
315
407
918
430
11
139
346
8
256
919
642
796
987
310
101
526
903
377
765
93
463
556
778
320
691
358
431
460
561
557
955
367
282
820
959
823
627
197
46
472
305
703
108
769
11
896
51
154
166
852
337
25
656
657
879
976
760
800
995
133
286
936
363
754
746
523
576
933
74
673
758
447
53
578
650
537
680
963
647
866
885
873
855
517
192
52
923
901
80
941
640
415
590
328
356
748
704
680
767
522
952
862
624
792
993
528
837
120
186
576
468
164
253
906
271
999
281
292
797
287
819
245
208
871
918
489
986
478
979
972
206
326
239
704
35
277
484
905
16
238
924
941
884
707
700
237
903
83
37
195
870
141
148
859
348
254
592
532
57
342
944
939
907
393
472
945
798
955
939
983
740
301
278
84
728
549
71
559
129
331
13
136
797
958
945
225
79
910
115
578
348
485
362
676
329
457
914
968
953
384
751
18
536
194
980
335
461
774
603
820
571
120
868
574
308
233
581
302
804
116
383
722
626
874
657
194
404
351
430
845
38
436
636
396
981
934
126
732
963
149
685
469
1000
512
219
831
860
414
814
247
580
468
98
970
244
409
406
955
518
471
59
334
268
157
759
316
242
70
657
155
474
794
561
335
751
199
423
97
163
402
822
496
391
14
981
871
756
509
747
54
581
576
561
645
804
907
756
486
112
927
55
854
997
830
45
285
879
909
889
53
425
509
261
535
643
889
994
762
861
211
487
489
552
148
347
620
479
335
820
140
609
810
864
653
538
203
233
277
43
79
446
435
557
116
207
211
874
23
725
216
176
190
872
621
904
377
991
794
590
71
153
953
270
265
830
374
687
95
869
854
66
740
64
932
769
918
158
491
597
484
555
495
847
929
428
497
768
843
833
721
950
997
187
958
97
211
830
11
928
953
203
161
842
880
580
548
766
330
616
659
109
942
740
483
404
65
785
542
721
759
35
231
194
198
222
405
578
535
220
646
369
243
999
197
563
57
779
982
771
352
70
624
492
543
86
606
423
441
735
79
537
104
999
826
439
207
257
552
650
456
300
658
426
975
376
293
14
555
559
554
926
379
253
136
664
424
170
404
121
69
790
988
59
52
840
831
628
650
868
351
453
739
526
34
648
964
248
412
764
667
779
109
219
406
625
313
98
18
796
531
286
615
682
958
669
418
876
710
970
112
456
263
404
678
443
524
315
611
661
250
853
39
75
294
197
701
295
42
545
654
832
576
359
685
991
428
494
323
719
224
491
541
467
895
907
215
594
815
213
964
820
77
748
726
670
745
572
529
150
557
724
87
129
817
973
109
265
653
146
301
347
308
758
849
273
414
123
289
603
120
938
707
319
48
803
543
24
477
659
564
174
749
974
810
711
511
213
335
781
552
845
660
214
144
970
838
77
702
692
658
464
938
235
512
503
141
471
731
899
545
508
521
348
22
701
291
760
630
829
576
820
655
503
11
102
268
875
102
318
34
680
624
519
128
594
258
137
492
363
137
979
207
295
435
424
792
897
583
767
125
142
472
828
223
647
925
214
107
427
463
304
673
258
593
855
157
63
305
721
355
126
442
848
474
347
972
681
629
325
768
8
965
705
216
395
727
614
594
363
88
633
233
780
71
222
556
759
283
394
757
504
498
984
148
752
92
58
292
88
503
655
947
152
273
705
37
893
85
174
460
405
884
742
625
500
165
892
201
586
584
167
421
152
831
756
408
212
409
957
830
159
173
212
51
882
138
601
837
737
149
255
767
284
896
12
391
298
323
975
962
611
727
637
948
725
14
949
110
153
324
431
582
847
766
460
632
77
501
30
128
679
418
222
689
133
734
303
305
434
590
293
396
553
897
392
463
813
680
754
620
875
49
452
252
443
498
494
486
517
798
760
912
473
478
465
50
886
235
768
154
352
485
776
501
579
287
340
213
791
638
93
782
919
874
378
267
176
313
604
501
494
897
311
420
792
575
489
743
316
288
752
442
102
318
973
849
20
141
658
40
522
194
78
921
789
409
85
13
695
778
629
104
155
806
816
130
906
521
348
810
25
452
987
319
982
285
407
602
409
521
605
847
248
225
473
512
288
90
596
116
272
265
114
357
161
808
399
808
778
52
304
948
544
822
654
223
216
636
140
685
229
508
893
481
738
730
456
482
56
507
709
745
206
281
150
608
773
670
580
770
976
648
361
507
383
675
739
483
424
719
536
118
285
783
691
38
740
988
547
807
520
887
650
122
873
510
592
676
317
782
924
588
63
708
257
786
488
990
169
682
529
741
618
711
331
623
9
204
391
523
874
492
956
115
424
430
498
966
598
593
298
979
319
834
410
493
260
923
312
977
799
372
790
393
578
703
829
607
447
674
91
77
960
422
907
768
565
237
208
212
123
648
19
741
713
444
935
832
278
948
495
616
670
437
271
992
354
345
7
528
546
783
24
428
404
165
323
253
783
975
149
778
902
247
292
683
380
906
158
582
571
841
184
599
937
104
579
711
56
749
546
596
841
841
708
636
44
523
373
431
299
737
368
772
54
316
888
944
643
210
944
332
525
991
820
46
763
12
10
613
580
769
988
584
639
698
659
188
475
293
200
197
972
258
809
381
480
637
795
947
159
572
596
18
103
730
962
583
74
794
944
799
768
386
816
934
38
520
48
343
45
504
642
176
321
682
399
505
565
828
271
553
707
551
695
496
314
495
998
32
198
275
777
342
98
866
926
949
63
671
806
205
656
17
775
483
952
844
236
702
751
10
72
720
90
411
596
634
970
602
836
831
454
487
831
186
666
586
830
858
687
96
844
795
933
519
348
49
736
808
187
52
238
481
958
934
322
594
432
614
737
264
599
909
63
808
723
203
89
203
699
172
206
94
821
213
430
721
814
551
598
2
192
95
174
179
953
674
590
477
107
291
622
669
920
724
51
154
998
679
535
525
366
153
532
690
145
37
161
36
984
59
899
945
572
581
99
609
694
41
237
10
994
114
96
101
43
330
316
135
613
546
767
922
274
872
504
771
471
100
213
97
399
478
807
34
680
627
429
846
832
251
855
647
268
776
277
114
102
456
12
573
901
966
692
473
184
786
963
92
869
943
783
928
616
938
125
413
492
28
889
189
392
155
834
803
442
478
738
201
141
676
429
7
687
445
591
722
274
246
360
106
251
513
866
274
473
669
777
31
462
99
654
536
16
348
465
432
267
577
749
920
703
1000
66
257
83
176
743
844
528
175
360
438
419
593
609
193
514
378
785
880
136
935
652
248
663
28
391
998
742
485
795
870
817
86
56
350
674
535
571
622
891
111
913
346
374
608
29
221
258
623
996
479
837
503
619
796
755
568
619
968
681
280
99
744
169
580
38
926
499
770
79
824
10
718
199
724
356
365
714
249
195
452
616
981
962
419
644
730
909
279
479
459
157
974
87
91
386
323
417
825
138
656
106
923
923
123
576
934
89
940
236
901
219
295
541
855
7
775
9
201
301
443
532
536
342
965
85
12
837
71
724
246
701
846
718
952
265
662
950
520
368
441
330
359
305
672
401
105
784
719
3
716
690
355
500
63
700
691
87
78
99
141
920
808
534
877
926
370
584
726
844
367
815
594
620
721
374
294
835
827
803
203
170
86
592
608
215
726
615
644
288
16
434
535
739
625
290
583
252
641
184
542
769
320
908
726
302
151
754
700
79
155
209
829
716
548
645
488
435
884
483
95
985
853
180
18
479
108
837
349
647
269
703
722
699
556
291
392
153
724
407
451
416
292
617
320
616
314
254
124
978
41
754
756
26
765
542
973
960
392
427
60
890
693
540
608
211
965
798
738
876
736
730
112
181
148
189
24
254
56
60
668
537
388
830
951
927
441
530
202
497
364
628
237
233
114
297
767
377
61
617
343
735
911
75
451
122
917
591
510
579
466
902
658
255
877
838
210
101
648
286
184
622
567
138
580
357
362
534
644
267
889
388
22
895
772
697
28
191
203
830
210
746
391
838
236
498
274
701
88
643
269
282
628
551
268
752
583
229
781
118
792
106
663
290
356
158
637
914
823
470
458
714
157
467
422
391
544
980
68
495
392
313
832
179
118
844
761
494
722
108
871
495
686
943
651
321
893
455
277
548
844
706
199
844
995
151
400
225
815
573
564
859
711
955
208
138
196
496
286
528
548
986
249
974
616
947
13
282
914
350
168
923
903
823
513
377
574
314
309
886
9
888
169
832
766
170
972
447
34
626
963
161
162
3
485
894
194
149
346
680
744
86
467
571
450
10
635
215
454
84
855
849
647
555
194
333
979
493
788
478
750
747
612
388
350
127
647
263
598
254
124
778
82
976
13
931
435
319
735
37
680
806
843
489
913
409
230
90
107
365
323
312
393
990
16
188
874
529
30
802
392
146
138
630
563
153
330
222
174
670
706
828
262
287
626
851
301
934
363
792
357
972
11
597
159
928
675
277
710
573
332
141
793
524
189
561
301
924
435
856
962
115
597
86
247
899
854
28
519
472
224
936
405
367
590
964
267
718
83
300
380
790
644
503
927
52
801
608
915
90
814
607
26
97
51
773
998
203
340
857
132
851
270
978
96
49
969
346
783
628
93
223
293
385
973
680
571
532
48
515
235
299
778
218
91
416
117
687
105
545
774
37
830
978
112
272
732
22
631
441
56
883
392
242
343
5
782
206
643
352
191
870
964
419
635
599
403
634
688
348
838
165
966
846
836
797
24
995
269
972
831
990
633
674
529
769
414
749
142
889
132
446
863
457
403
928
485
940
217
121
705
17
136
820
725
693
720
974
508
485
95
827
30
640
896
742
912
757
569
737
432
759
121
867
22
659
149
967
947
412
796
341
623
687
764
958
744
907
252
6
102
909
637
442
969
906
663
727
100
402
785
415
679
470
583
763
470
167
195
981
333
259
642
993
351
789
769
172
24
619
202
918
970
854
772
849
761
675
174
932
136
738
547
733
945
600
384
480
664
720
279
551
297
874
723
253
696
894
702
161
341
184
605
759
268
701
910
56
116
102
179
812
746
119
794
363
960
307
485
560
793
172
762
197
724
91
508
933
531
120
487
647
374
303
288
23
907
525
398
635
166
808
958
264
811
979
774
542
876
881
173
36
166
589
169
757
166
678
978
114
486
752
444
881
966
277
532
168
537
170
112
731
845
562
170
714
285
803
95
326
717
715
434
299
144
862
684
420
760
336
783
710
237
743
872
574
721
261
760
728
585
234
108
540
293
49
392
79
277
880
646
891
149
586
100
384
338
582
665
162
592
928
440
591
567
629
201
909
547
704
983
541
394
768
711
373
976
539
553
654
157
767
102
226
457
431
490
759
268
634
37
681
789
538
122
26
431
531
176
188
714
797
717
918
446
936
666
343
429
371
251
870
497
353
279
839
578
736
948
55
203
675
449
860
305
921
235
775
148
864
804
3
977
908
823
818
83
151
270
536
228
811
42
42
800
835
581
512
425
186
789
842
276
948
670
912
317
629
252
665
11
951
291
939
391
53
134
791
252
717
221
163
277
709
376
791
584
538
233
261
419
832
714
100
920
159
206
845
807
159
895
895
501
666
152
562
446
315
455
455
633
496
379
183
944
594
994
227
497
858
252
733
562
812
120
534
685
781
169
578
402
477
558
54
827
760
785
987
702
466
430
976
655
713
140
532
111
990
180
273
985
267
170
552
680
309
649
158
202
907
45
272
656
674
629
317
502
147
927
478
494
211
719
445
528
294
722
179
645
278
161
900
556
426
898
318
916
349
416
99
755
615
788
381
793
343
76
792
711
91
829
474
544
811
632
816
170
591
283
409
1
612
380
967
93
212
993
683
636
776
450
892
126
927
180
201
155
536
673
28
107
309
445
971
576
685
698
472
597
839
451
495
566
847
680
946
933
36
582
532
791
455
945
220
233
507
14
380
407
839
591
302
662
783
522
689
632
112
96
17
57
293
296
618
680
537
929
267
335
639
464
33
900
236
535
120
66
807
698
547
967
389
115
186
323
651
937
780
633
959
560
919
16
346
179
412
398
626
970
314
864
504
648
423
718
479
497
25
733
740
684
108
359
485
391
350
360
44
267
553
186
863
782
582
217
391
674
813
24
840
765
58
280
672
255
60
978
418
299
505
393
207
353
952
121
328
925
573
279
243
181
121
640
497
450
719
57
739
730
296
289
568
78
966
315
383
751
204
143
955
741
871
911
954
208
34
398
582
155
49
565
57
752
995
445
325
781
2
449
885
954
640
390
266
749
284
642
911
170
314
139
591
751
532
70
763
528
420
186
105
794
461
429
766
938
267
230
735
740
646
925
576
166
30
995
776
330
395
727
841
791
516
850
581
699
467
724
193
108
6
451
198
276
906
615
914
76
7
781
795
972
683
359
150
466
538
56
224
998
3
89
818
749
778
985
775
546
410
806
425
875
612
687
775
623
848
39
195
525
167
127
244
564
441
217
414
313
525
737
114
673
508
934
746
377
517
422
138
440
469
311
516
936
791
892
860
292
664
39
412
932
574
648
978
441
957
635
294
753
71
831
940
490
810
865
138
829
176
923
402
297
551
764
807
107
797
205
550
493
293
371
268
560
521
461
457
190
928
550
204
834
356
324
292
421
252
473
36
10
735
14
566
731
421
867
783
306
581
493
122
871
345
305
991
93
486
536
915
739
502
700
414
489
24
372
730
796
429
828
59
256
591
657
265
826
642
882
301
496
374
637
539
980
778
398
910
793
462
786
560
99
517
680
182
638
377
155
511
209
217
162
912
653
561
157
305
936
885
591
686
19
931
655
562
170
827
927
972
519
739
821
360
757
336
349
897
238
53
24
440
457
225
115
712
672
960
145
609
692
404
833
939
341
521
788
620
750
434
518
648
68
116
482
932
79
68
261
349
761
771
267
400
706
863
597
31
956
553
359
30
618
464
887
501
821
471
240
561
465
92
997
321
308
187
985
60
479
210
731
612
648
738
621
19
50
977
638
94
816
430
588
349
139
16
617
333
786
899
553
97
585
692
625
627
967
840
292
987
920
191
141
816
22
294
595
320
337
272
776
566
291
635
534
914
919
430
597
478
457
526
254
726
324
246
633
596
997
306
844
484
234
788
347
343
405
414
465
546
910
946
46
201
877
94
940
432
736
668
19
928
218
330
731
108
827
155
586
443
352
465
447
389
662
331
659
126
365
33
648
419
954
18
213
291
219
740
422
461
578
47
552
452
687
192
690
573
810
230
469
44
733
641
519
485
967
396
765
402
300
413
970
495
436
735
154
96
347
297
727
60
533
233
702
563
886
494
517
288
266
802
11
720
143
21
32
905
47
818
62
350
519
958
593
490
282
314
940
176
950
819
327
501
982
807
279
361
398
525
767
149
539
485
889
191
594
865
681
277
142
355
827
144
736
1000
756
806
774
928
118
138
78
778
424
477
134
507
308
619
218
917
318
62
199
317
255
161
71
696
417
954
819
828
465
445
468
672
193
270
191
515
119
19
420
576
913
243
466
833
639
835
813
288
900
486
285
685
55
227
444
959
685
965
107
79
224
139
973
948
581
191
768
818
54
839
995
416
522
253
85
856
11
271
91
902
864
39
108
577
398
66
47
467
753
730
832
258
1
573
334
319
703
467
54
487
931
233
611
78
746
728
602
993
619
806
407
198
90
936
510
163
449
526
713
522
158
914
773
515
20
815
389
409
401
563
773
838
465
245
58
837
198
341
890
124
424
417
502
607
858
819
30
539
337
164
701
300
384
86
13
951
891
696
774
725
853
59
752
456
222
488
333
528
535
287
109
609
720
476
254
225
655
164
644
220
652
234
382
5
251
99
403
987
182
550
401
354
778
543
119
486
152
386
440
649
520
845
437
144
274
834
834
724
647
467
494
840
690
25
304
875
731
125
328
306
174
13
544
20
247
566
591
728
147
648
148
530
190
378
688
138
484
481
203
748
909
175
2
989
209
790
604
477
593
480
965
405
223
167
883
574
444
656
136
846
963
974
515
799
432
838
389
792
479
137
728
909
921
468
398
688
599
508
391
358
313
200
91
215
724
423
831
648
731
335
96
246
311
373
405
545
239
627
590
716
544
114
287
627
985
255
303
750
985
765
945
675
242
522
695
578
686
627
573
369
974
629
878
281
794
984
992
437
48
569
619
899
182
951
914
894
619
584
364
150
229
159
374
682
884
39
102
901
337
735
646
56
418
237
87
838
689
211
886
754
570
778
600
873
933
83
151
416
105
629
957
12
16
248
408
394
826
355
449
609
886
562
884
698
547
135
438
626
994
564
248
389
47
370
235
995
637
489
61
660
450
35
318
914
110
807
177
67
943
650
814
434
478
753
473
367
251
775
674
961
163
971
787
833
326
919
196
961
932
299
581
786
913
603
382
662
904
864
725
802
354
903
531
363
58
377
653
305
738
707
390
656
47
107
901
607
171
531
452
591
843
848
935
757
394
19
285
565
774
474
215
692
62
201
759
42
899
986
850
380
511
189
352
128
930
174
654
400
914
912
899
148
681
450
24
879
741
732
218
569
75
153
212
721
497
116
521
860
808
611
771
916
320
517
686
943
4
773
620
157
30
279
667
914
496
399
623
59
165
831
202
433
341
642
375
415
751
589
677
60
384
80
58
738
753
974
634
613
644
462
309
949
47
982
781
618
171
371
113
947
701
620
14
111
234
928
566
804
166
158
95
790
397
858
401
444
588
325
542
849
740
674
622
258
464
397
192
334
17
721
581
210
659
893
840
226
225
617
785
662
922
570
630
526
907
135
905
601
358
109
431
650
95
658
791
450
52
508
398
799
737
152
980
629
527
623
943
278
472
43
522
325
21
824
662
671
254
687
438
761
174
68
909
26
150
19
621
945
571
922
741
773
620
210
964
25
745
391
885
442
390
671
238
466
404
287
384
756
440
646
402
580
135
252
623
580
340
386
253
915
468
140
466
755
719
897
715
983
47
433
401
983
121
911
203
32
991
958
20
148
59
99
659
292
370
733
759
517
765
179
312
252
994
932
706
473
49
295
11
885
169
767
407
844
748
564
777
336
556
255
738
679
258
785
413
699
448
205
299
912
346
57
974
591
536
255
50
756
585
263
827
843
770
744
101
9
330
31
511
28
550
582
590
523
137
1
693
523
665
526
805
336
257
638
27
614
986
307
606
646
840
950
65
56
520
295
683
76
847
120
737
57
502
687
760
384
584
668
265
770
652
174
123
47
855
386
661
494
81
61
816
471
429
728
869
783
23
731
171
852
761
289
302
666
417
505
594
119
633
839
613
293
469
479
81
179
137
753
670
959
120
47
293
873
93
839
600
638
490
414
529
233
508
7
270
64
880
699
565
307
102
483
712
932
509
590
433
544
26
616
833
823
773
91
874
107
943
180
40
712
165
628
20
553
82
289
519
425
542
263
941
126
150
514
287
226
600
626
740
28
804
398
796
217
528
198
776
882
38
881
30
512
460
841
290
325
978
4
544
550
576
775
621
628
105
828
710
343
559
716
813
940
762
41
57
613
687
644
785
495
886
87
716
616
242
426
557
319
85
994
440
454
667
243
470
229
664
693
336
53
35
56
308
523
592
242
757
28
281
148
506
46
548
981
314
82
275
397
503
571
74
659
524
640
403
153
692
78
235
943
376
459
823
381
762
386
719
761
719
110
225
189
986
395
928
207
138
804
112
690
401
913
57
305
787
515
354
540
348
446
778
111
786
863
80
976
925
973
580
437
85
715
57
577
309
857
652
386
261
58
927
392
677
749
219
311
429
701
627
835
51
743
753
135
368
952
991
969
690
651
447
176
474
1
255
332
509
229
784
83
196
962
6
659
883
125
501
358
14
182
978
487
227
529
232
520
564
415
717
885
329
745
685
686
463
934
429
930
272
483
91
925
26
710
241
717
890
430
483
308
711
629
858
761
628
900
609
790
523
704
650
884
361
222
950
654
428
699
786
731
124
194
853
546
106
995
842
147
257
453
69
273
694
704
854
135
798
232
107
989
556
216
872
807
127
961
651
359
118
311
527
922
370
207
899
994
669
351
502
236
649
232
295
875
288
256
619
819
422
610
150
153
430
970
635
62
715
884
804
263
270
746
129
515
96
170
139
584
832
401
620
441
594
711
633
390
203
35
440
183
67
346
403
702
539
990
361
14
647
433
570
996
479
226
978
783
938
163
673
30
742
414
973
580
742
450
502
627
647
665
124
951
765
640
427
788
37
974
666
252
576
147
523
995
869
580
203
345
992
549
271
600
219
605
651
369
879
109
731
552
872
458
296
355
72
667
364
369
344
580
384
121
96
349
379
326
827
493
822
203
776
31
161
280
183
198
429
783
361
810
804
77
136
296
602
792
273
838
580
746
760
272
511
567
395
271
229
44
37
654
873
936
99
964
171
441
681
304
880
988
519
400
839
367
736
484
930
852
736
991
262
778
196
582
143
311
768
473
773
368
558
268
675
453
229
104
845
276
549
269
782
596
149
661
520
371
929
796
802
962
586
424
99
887
153
138
791
674
632
972
760
857
410
722
411
640
461
552
383
325
794
482
105
442
427
963
437
418
498
170
20
866
716
952
843
181
360
684
396
384
686
278
103
921
451
93
373
169
133
185
502
539
665
161
850
25
568
450
412
721
516
42
328
190
159
285
357
519
561
530
447
65
748
607
6
557
243
718
834
12
937
61
758
191
344
667
580
828
488
163
371
965
209
989
957
217
20
885
816
85
870
997
463
888
511
963
325
923
850
617
866
45
158
659
927
73
896
105
581
112
851
868
824
2
166
735
972
602
112
201
533
127
424
219
218
236
411
485
431
597
460
533
914
283
103
343
986
970
898
677
895
722
517
619
778
568
172
857
331
555
374
72
746
412
273
31
447
809
52
470
241
444
510
668
87
32
879
423
846
718
53
779
494
358
192
39
678
201
812
256
540
456
642
97
183
275
598
381
407
415
771
912
572
34
617
570
791
796
759
729
940
924
696
621
94
169
624
181
178
819
895
188
339
464
484
956
167
142
733
201
663
368
597
878
534
692
689
202
379
83
352
341
538
359
818
671
873
839
372
662
423
663
615
881
942
532
258
167
957
399
569
29
720
494
222
496
778
128
428
893
864
597
901
589
361
508
510
179
67
133
449
127
320
115
858
828
651
415
366
22
260
262
425
705
215
606
840
933
886
11
433
173
372
325
558
843
611
2
767
932
546
445
20
534
742
810
522
105
841
486
417
89
552
977
593
564
950
574
268
77
81
869
359
939
122
277
605
994
39
174
269
433
409
824
639
643
38
352
740
601
562
156
373
859
351
33
496
961
99
221
102
434
428
558
604
99
312
913
382
842
702
238
97
100
562
334
434
418
829
695
239
207
984
282
167
17
987
982
279
371
849
493
44
122
545
676
979
661
712
486
964
347
286
123
201
106
627
834
297
850
505
436
240
132
265
768
907
567
246
457
383
386
609
440
279
89
107
465
260
800
45
363
681
925
518
162
680
150
891
7
291
488
897
106
221
577
990
873
249
261
525
51
870
46
765
683
933
395
316
249
601
600
718
741
265
323
569
187
309
566
159
769
974
504
226
421
826
282
734
859
12
341
33
322
626
894
229
882
946
676
985
747
66
636
673
153
637
209
123
235
249
568
640
445
520
649
177
541
865
436
933
936
645
311
112
154
69
475
590
725
534
941
122
329
903
671
881
404
204
679
141
412
850
747
876
181
402
644
71
346
911
786
879
323
75
537
678
639
2
436
454
498
397
535
726
108
150
477
930
844
734
814
388
679
999
778
796
883
25
612
300
631
494
631
452
241
765
446
495
749
159
331
567
492
741
980
290
893
793
589
746
789
191
579
214
901
77
48
739
83
982
544
143
107
395
206
663
423
117
649
300
957
696
377
186
341
379
352
797
201
77
202
847
513
609
982
748
837
220
1000
523
880
702
183
73
252
184
471
297
378
533
253
87
678
700
553
684
208
864
771
833
803
263
661
282
306
308
115
299
245
930
578
643
634
776
676
693
125
378
192
320
976
638
355
687
69
912
42
113
67
639
478
25
18
804
970
701
830
487
605
876
640
110
98
694
746
261
433
334
369
210
111
367
521
702
265
73
661
432
530
373
89
264
956
902
21
658
150
937
202
944
311
894
150
226
683
686
121
620
186
893
856
26
660
871
146
550
219
751
270
376
20
500
741
388
223
473
334
171
895
369
979
907
363
824
610
506
156
167
727
449
541
108
458
266
180
920
883
129
978
801
218
945
387
16
253
717
801
947
843
705
541
263
469
365
152
627
657
513
69
663
430
7
793
548
739
670
296
267
157
650
106
929
851
103
625
419
575
319
289
209
16
397
894
550
717
790
654
18
379
296
11
103
206
486
564
304
504
235
352
677
906
251
760
345
267
835
268
17
714
949
982
873
114
66
803
691
420
995
461
827
439
247
179
46
948
865
611
87
273
275
8
737
592
630
490
122
663
934
741
78
605
81
569
201
752
551
608
45
150
366
132
217
445
142
807
285
793
915
242
668
900
22
864
566
49
739
629
453
128
179
321
625
58
789
632
856
783
129
692
853
294
183
766
524
16
358
802
233
712
473
542
437
838
765
619
440
186
879
255
554
646
495
129
531
497
56
991
612
52
988
716
800
469
582
704
117
680
897
363
509
205
665
782
328
329
419
255
358
680
527
413
883
460
341
723
554
979
70
457
33
198
480
165
364
397
476
250
376
84
829
324
394
256
322
112
64
622
803
860
879
151
598
733
731
129
776
754
534
430
531
55
122
90
272
23
810
491
332
527
326
461
825
534
146
680
384
786
759
680
9
792
783
429
502
466
764
425
376
819
775
44
528
494
276
596
431
351
632
828
565
109
989
789
701
60
714
970
204
447
418
927
853
232
173
77
604
113
852
512
441
506
326
993
927
5
400
585
887
23
988
501
320
254
296
722
98
368
712
752
526
609
501
707
41
851
741
77
679
374
676
1000
660
552
781
584
275
809
513
232
449
745
551
314
106
710
1
618
19
461
400
890
911
798
788
841
464
90
569
77
1000
446
305
871
912
984
920
259
649
495
367
25
698
745
931
370
215
491
199
510
548
990
983
947
994
149
91
52
401
825
185
541
221
941
505
120
884
711
339
816
819
477
270
708
592
975
128
525
724
359
178
772
453
988
735
919
533
217
605
323
575
301
241
13
469
281
119
62
752
290
768
297
346
692
47
773
417
477
810
422
774
143
701
20
978
938
20
19
900
820
719
995
379
394
694
1000
261
12
538
747
490
682
614
502
260
890
208
72
743
112
946
611
312
711
144
618
670
260
948
429
417
440
306
17
680
439
494
125
69
16
367
737
341
524
801
82
804
632
879
454
146
143
145
261
765
798
573
764
869
801
422
746
96
788
465
992
265
990
196
640
771
619
659
762
365
519
332
830
216
292
222
568
627
968
763
829
966
158
932
372
679
179
436
734
732
94
580
172
443
226
900
929
775
405
476
554
172
729
573
93
445
110
653
811
545
844
137
148
24
69
208
308
503
802
98
571
703
434
326
802
935
652
392
142
410
845
665
838
892
728
158
357
320
554
166
237
856
789
155
950
392
545
872
356
467
352
28
99
956
67
398
775
823
528
638
807
1000
654
461
590
421
95
513
630
20
594
952
637
596
554
954
704
136
425
786
537
116
845
134
956
410
978
193
904
849
946
381
226
842
583
575
548
266
282
688
939
294
305
763
304
423
367
99
711
616
578
736
502
162
254
463
343
38
355
528
121
201
52
514
141
416
309
682
642
400
489
886
268
969
607
880
767
970
397
500
208
955
29
32
633
332
704
723
967
1
83
468
946
426
637
430
561
661
677
937
754
351
562
645
672
595
950
106
157
990
704
941
500
71
57
638
65
639
18
472
931
498
63
545
899
262
457
877
719
364
827
1000
355
200
2
971
516
913
553
620
786
879
196
120
708
384
136
630
390
113
585
645
442
31
212
532
670
861
881
734
485
474
839
407
402
111
249
618
619
797
745
106
290
826
206
821
363
416
156
937
504
12
714
163
401
429
148
522
399
26
213
423
322
691
267
236
737
884
774
843
111
545
343
320
134
348
51
65
790
12
477
431
737
57
672
211
749
92
243
942
91
884
844
224
124
274
450
884
918
609
410
989
868
281
763
975
681
631
978
506
215
769
904
532
708
231
122
966
364
271
536
754
45
419
753
977
142
113
765
526
522
161
649
29
793
550
46
401
440
47
763
896
308
884
671
874
241
250
490
33
337
608
729
146
981
68
783
606
633
473
404
347
658
598
845
661
647
114
163
693
811
937
222
777
997
415
321
930
950
953
691
8
686
389
402
746
453
444
134
247
184
257
966
369
35
356
375
647
51
847
856
693
820
409
427
284
73
106
508
279
676
440
489
627
693
556
443
101
907
599
7
932
411
924
141
144
60
201
172
359
132
121
805
654
840
91
548
684
12
899
586
477
434
342
75
826
322
346
595
445
435
987
521
371
735
537
461
608
601
246
373
524
747
247
132
183
269
169
56
823
42
129
987
862
92
596
186
232
327
699
841
799
685
477
709
122
140
418
15
14
253
536
770
850
498
739
490
161
783
576
888
793
635
499
774
108
33
799
214
760
323
314
171
223
541
889
438
513
663
210
535
558
688
129
738
326
634
833
929
186
578
526
525
712
38
729
27
897
100
701
555
877
547
223
684
897
738
945
73
599
430
765
609
255
548
797
797
297
59
666
180
825
426
456
720
78
423
245
477
298
315
137
754
692
411
619
833
970
275
395
454
950
853
246
754
305
513
614
185
358
248
265
62
877
584
206
279
53
484
824
467
536
875
800
876
682
643
955
382
572
313
508
547
102
851
845
295
454
866
688
106
150
305
263
537
738
699
136
834
956
510
786
401
73
453
398
605
294
149
796
39
594
123
260
57
462
139
377
824
4
49
948
226
338
247
579
705
905
119
808
916
364
370
293
917
105
137
797
883
524
819
156
37
255
225
946
861
933
562
330
78
941
654
418
915
853
270
914
938
453
190
609
909
345
476
485
589
507
648
562
999
902
358
637
264
381
362
836
888
919
146
842
449
195
428
323
980
158
224
575
236
193
789
253
731
63
394
941
947
512
402
473
965
993
694
253
834
863
163
115
953
314
369
433
995
406
932
731
694
10
214
246
219
570
165
80
449
486
833
734
556
555
88
871
92
995
869
418
717
465
524
931
155
313
470
421
127
555
676
109
813
161
232
940
608
824
134
738
943
757
633
376
431
125
741
940
149
116
636
376
801
829
971
320
280
652
656
646
50
729
771
905
347
597
518
74
125
431
696
339
183
694
230
781
129
804
124
173
355
444
252
953
480
926
703
141
193
257
448
328
636
150
408
763
765
695
783
644
372
795
544
124
285
929
499
609
491
225
121
148
69
468
353
731
747
800
355
346
499
792
485
160
939
9
294
910
409
809
107
268
699
682
456
633
626
993
669
884
160
492
938
844
928
485
802
397
214
752
317
929
639
723
556
634
725
177
677
893
263
793
940
70
666
771
947
999
709
37
755
514
618
565
966
812
923
9
434
90
313
227
880
237
857
411
141
573
579
488
891
457
129
404
202
299
95
333
549
808
32
62
348
178
292
258
143
992
15
163
209
767
342
986
269
685
19
880
113
387
199
232
495
350
782
638
604
701
249
81
271
745
91
989
335
590
661
167
521
794
870
186
214
621
86
18
650
305
560
669
508
494
160
828
389
740
942
418
771
300
570
301
549
532
768
262
111
726
936
831
735
133
927
539
756
439
733
846
141
208
235
400
821
782
137
672
720
478
139
843
154
526
616
29
722
388
747
901
3
432
610
896
67
579
75
644
429
567
414
765
12
704
451
415
352
914
786
117
7
875
227
900
382
332
392
864
123
173
523
767
539
595
794
264
738
699
643
737
638
718
860
231
740
341
603
564
204
9
122
491
883
898
776
105
767
918
253
466
148
829
742
396
821
363
1
961
160
100
45
642
310
590
1
453
480
570
548
349
119
466
704
81
401
376
563
659
465
109
674
286
523
538
162
766
221
107
1
26
630
55
513
857
110
307
136
924
299
67
492
815
423
105
349
157
611
69
234
561
242
598
75
651
584
368
929
170
31
655
88
39
338
187
228
125
121
838
434
830
761
53
11
578
611
537
433
955
136
487
75
9
343
110
288
566
136
598
891
857
979
867
399
590
445
87
225
304
946
913
909
449
706
64
267
630
588
277
632
86
396
217
209
982
175
872
693
191
786
78
91
549
831
460
464
701
476
866
839
70
435
794
748
621
182
231
240
784
716
302
271
708
538
689
587
583
623
462
67
254
948
806
285
52
962
900
232
171
562
294
936
796
324
501
601
112
410
266
603
558
625
287
562
118
705
297
396
460
644
622
198
442
343
167
305
150
392
150
34
920
5
11
746
957
794
919
122
438
288
680
473
508
608
127
906
284
989
604
824
230
680
953
482
312
753
491
827
123
908
861
584
619
208
30
739
464
288
333
337
490
139
801
261
522
426
337
487
912
672
909
710
557
452
518
533
406
510
18
785
115
516
367
124
698
408
810
282
389
622
798
733
439
42
994
977
978
370
924
345
988
37
547
34
766
627
134
795
927
991
768
824
42
585
373
952
973
118
785
600
896
812
454
755
839
119
448
176
902
828
668
429
272
743
133
853
518
530
760
909
981
587
981
665
851
280
117
61
373
258
173
516
414
166
241
677
743
992
540
148
422
694
278
110
78
101
220
824
632
312
815
827
10
820
50
494
519
181
464
180
832
176
215
695
455
744
929
272
224
436
526
432
654
182
259
81
477
887
616
208
704
130
594
177
529
433
271
675
763
352
341
113
949
196
799
850
138
359
606
459
562
83
592
98
541
654
352
159
597
120
935
74
659
657
793
810
438
213
962
372
594
110
736
356
951
767
728
123
666
522
634
307
697
575
399
864
487
158
163
25
520
672
967
877
700
862
769
973
823
276
572
102
685
916
880
326
712
529
452
992
390
99
922
981
91
102
633
140
702
646
217
542
512
76
937
812
598
504
476
820
44
319
771
940
43
783
916
733
502
533
397
904
222
949
800
470
262
356
959
1
432
122
470
671
255
592
834
439
530
850
328
300
186
766
511
78
908
953
273
650
969
436
672
898
861
742
876
158
56
549
190
648
340
655
721
443
903
733
223
38
264
81
594
912
590
134
395
129
109
631
612
353
419
162
195
957
3
250
13
816
121
157
932
290
545
368
332
419
927
498
86
115
85
510
563
13
397
405
586
511
705
187
279
206
865
248
222
940
848
498
756
680
550
435
590
731
685
603
690
910
145
380
755
249
909
169
558
513
862
918
902
304
58
889
212
568
518
711
459
790
908
104
63
805
254
442
428
936
313
276
576
131
388
96
56
837
731
67
730
800
352
718
904
947
100
128
98
381
204
815
192
284
242
676
517
653
1
791
285
825
610
97
510
869
860
957
519
605
169
84
322
728
583
885
189
593
677
162
394
353
28
888
538
115
35
634
66
674
389
360
622
427
540
39
378
46
380
746
331
588
839
578
305
700
77
147
925
271
170
873
836
429
223
37
505
587
124
285
666
562
648
187
102
314
823
793
17
745
782
617
236
678
278
73
35
821
936
763
424
564
48
118
956
955
791
600
492
882
135
413
878
225
553
268
509
421
140
673
763
924
388
168
947
258
311
414
854
882
452
183
938
399
74
250
632
352
489
923
609
947
620
307
548
231
792
239
617
497
266
821
126
211
408
137
262
546
229
438
705
301
296
449
972
599
904
34
685
928
115
156
935
703
535
139
442
409
977
524
616
299
308
695
742
1
412
815
278
981
991
441
514
959
535
148
572
902
264
48
590
848
888
668
976
232
512
924
895
7
332
36
544
433
476
616
342
568
265
563
838
538
630
541
84
593
99
671
404
502
988
63
14
911
28
436
529
687
52
437
534
200
143
583
264
976
33
855
736
408
628
37
104
422
752
498
698
523
487
319
504
447
681
208
802
392
2
456
295
611
794
851
34
29
226
379
332
593
88
468
333
239
963
367
33
803
290
999
635
396
914
347
10
507
892
28
707
204
416
355
674
194
22
591
862
891
105
452
267
265
413
170
958
960
491
646
52
460
808
126
364
515
230
306
682
365
521
863
870
91
589
795
615
689
576
889
418
144
208
302
348
295
899
722
208
502
659
911
913
928
799
820
777
253
410
944
449
425
871
99
596
506
300
403
816
648
73
906
742
364
521
225
468
472
75
416
594
735
495
478
482
747
243
130
992
817
244
995
637
203
345
7
869
141
794
355
910
695
871
780
492
633
577
911
920
38
374
499
892
168
502
640
275
611
434
267
75
330
928
151
503
682
486
895
532
472
231
393
277
713
504
209
30
564
349
441
923
517
347
113
82
585
588
899
21
577
166
717
317
627
452
518
342
502
234
376
418
536
472
658
548
115
326
818
533
360
968
831
128
441
401
54
76
848
534
354
970
376
564
389
667
921
103
564
197
866
439
646
855
339
839
552
337
319
881
804
27
113
553
88
166
907
489
919
593
352
369
505
624
768
145
836
37
835
440
73
235
470
766
380
709
407
413
926
984
7
114
270
936
653
140
155
246
781
389
996
887
309
529
74
792
705
826
634
136
813
331
124
598
568
229
909
123
53
961
604
721
599
43
180
109
463
336
386
199
307
245
694
866
465
656
222
499
144
138
223
258
969
926
874
222
514
398
195
344
157
980
27
670
795
374
81
74
505
338
373
60
626
400
794
593
428
946
893
702
179
549
772
30
19
282
712
771
422
826
65
360
202
63
434
963
631
679
233
240
575
377
322
524
816
192
705
915
441
812
653
836
724
976
624
936
853
775
456
523
370
170
43
73
26
683
558
266
739
298
675
819
191
464
63
808
872
647
768
372
395
80
178
345
781
54
499
320
379
898
322
877
584
728
712
729
154
151
383
879
900
493
801
119
593
845
554
52
412
995
450
478
433
158
110
814
873
667
702
441
369
174
141
293
673
270
425
879
100
620
482
599
431
412
535
573
332
698
352
133
559
906
705
431
214
92
676
588
896
31
226
504
685
978
238
985
387
345
836
885
920
78
802
590
642
667
764
938
29
790
253
685
788
180
513
17
283
909
270
468
814
724
290
617
243
692
823
404
735
662
456
661
507
310
739
435
738
583
955
728
346
122
269
753
532
519
123
274
369
473
391
902
114
600
170
406
472
117
284
518
864
44
692
553
129
29
228
808
264
385
550
730
362
559
320
911
150
655
973
476
529
766
909
494
539
816
951
171
486
670
449
400
480
682
631
754
737
699
596
571
671
442
160
797
724
365
272
365
875
161
863
460
235
723
482
828
900
94
549
20
995
315
258
70
165
319
918
966
707
54
791
313
104
604
374
504
358
85
940
71
271
335
393
270
799
879
923
672
436
103
541
524
213
394
284
583
596
947
860
328
406
764
451
180
619
544
282
131
257
526
82
692
186
719
482
163
403
387
144
808
896
342
78
538
747
204
323
399
239
326
651
515
33
219
319
769
806
669
89
228
748
395
971
283
810
84
534
446
691
522
419
354
909
908
627
12
669
692
920
958
13
620
357
11
104
40
90
199
649
131
700
449
58
79
829
500
533
79
819
993
952
873
219
710
270
41
397
912
122
90
590
937
502
419
721
387
49
341
428
441
930
430
168
828
657
51
694
968
368
691
210
619
688
221
398
870
221
985
934
97
545
891
903
631
905
226
533
861
258
511
393
28
182
926
965
399
483
145
777
974
191
951
630
102
145
17
859
652
462
463
526
323
461
888
221
61
284
393
652
502
667
357
995
89
405
479
748
10
714
239
875
565
67
58
374
786
1
160
551
128
569
282
96
47
199
578
201
831
186
757
725
658
671
255
21
928
310
905
915
907
979
825
27
899
41
360
124
698
496
501
963
572
532
830
186
306
768
581
103
527
812
84
729
861
204
471
99
126
408
572
849
143
415
328
367
945
546
427
396
248
602
500
529
345
876
950
686
392
362
710
959
326
742
312
299
438
520
347
115
941
951
784
727
824
456
947
359
770
782
180
799
728
193
540
230
759
868
51
50
921
917
49
524
762
359
159
553
198
235
230
833
677
782
149
290
844
332
610
951
500
449
749
494
151
514
592
376
855
965
58
329
988
203
38
708
659
136
330
748
369
254
560
811
849
55
966
359
468
6
595
836
26
942
892
547
336
532
38
733
999
427
302
259
144
982
66
729
769
423
47
524
831
773
384
619
438
625
622
485
268
537
964
552
380
606
587
487
237
499
319
862
506
679
707
432
111
566
365
568
611
190
540
343
916
141
398
58
415
88
905
559
673
119
957
382
749
958
112
686
865
926
991
255
281
485
382
940
834
608
350
17
636
919
456
178
572
563
544
15
282
212
945
173
543
6
259
237
53
595
473
456
822
23
318
204
329
432
210
624
742
699
165
530
221
814
300
284
490
43
394
327
549
91
920
270
98
192
336
456
158
598
90
644
788
527
263
720
58
954
436
772
548
526
518
651
27
296
17
757
738
755
577
567
405
225
923
454
411
770
669
576
364
791
390
946
861
558
268
242
402
480
726
409
281
37
132
444
792
574
646
489
547
77
310
950
299
151
307
685
809
499
736
201
497
941
419
945
513
366
559
297
531
954
150
362
642
136
393
127
919
250
21
96
734
988
139
347
911
270
622
656
60
914
871
708
977
811
18
411
110
149
31
236
805
230
70
834
95
863
702
590
275
758
630
214
376
622
823
596
438
903
755
511
30
193
836
36
922
137
893
754
19
741
44
443
779
443
371
845
76
290
286
317
948
975
838
164
981
560
444
136
128
368
355
40
966
866
16
672
706
539
593
945
385
260
744
980
35
6
808
376
455
609
354
264
514
328
475
336
689
68
238
877
385
51
307
102
570
575
610
98
513
857
577
259
635
552
854
310
636
19
145
391
553
527
260
319
970
688
23
528
635
853
362
542
677
431
714
545
317
891
752
900
597
714
276
719
871
864
613
308
171
73
404
588
987
561
461
938
815
463
135
330
226
519
581
670
791
413
454
423
83
451
957
376
730
379
9
361
772
833
52
933
348
320
422
91
39
217
731
843
826
99
595
6
215
548
395
208
423
917
809
244
138
500
367
459
501
77
278
418
479
212
199
745
260
421
274
792
779
580
95
5
315
205
906
224
43
86
844
627
768
26
444
49
162
368
908
327
684
611
116
724
512
212
946
803
516
35
832
612
651
495
800
429
826
858
289
753
25
131
484
47
617
467
233
826
238
550
747
981
865
238
591
826
402
339
225
664
830
278
178
73
434
689
144
755
15
336
422
557
163
568
933
781
699
240
711
92
748
717
89
829
226
84
13
679
213
934
165
472
963
518
993
866
816
335
409
634
407
294
690
943
347
130
611
64
721
631
582
562
336
780
976
339
829
796
851
707
51
477
789
894
540
923
364
527
975
727
787
269
443
205
53
978
273
983
594
399
988
996
38
259
722
843
667
372
523
937
149
498
864
845
492
656
557
820
793
238
902
296
692
783
681
545
780
448
722
177
293
525
90
87
438
897
752
485
581
482
640
669
176
131
354
798
204
173
510
164
39
92
678
91
618
735
245
510
753
864
834
452
356
886
667
963
26
753
73
980
866
508
32
986
5
560
673
949
357
521
418
939
633
750
605
10
518
564
40
182
89
343
730
914
757
203
134
183
958
442
374
242
655
280
534
602
760
974
106
32
8
173
114
495
530
831
225
991
436
259
896
851
566
529
439
847
708
233
679
741
722
627
783
907
819
137
62
954
859
364
845
68
958
2
191
168
429
111
889
370
531
750
469
192
369
771
1
594
292
94
951
88
802
445
485
621
53
558
586
311
255
902
882
55
287
101
370
114
770
398
220
48
935
70
901
685
850
890
690
429
956
489
127
281
295
293
168
486
520
169
125
284
227
383
417
662
808
43
423
603
826
451
589
832
354
654
994
559
149
703
170
647
389
752
844
217
406
253
476
655
768
13
689
698
992
281
634
631
821
927
910
970
109
518
535
296
508
92
893
524
500
606
516
976
882
273
868
825
945
82
684
274
667
773
8
571
434
139
509
238
603
978
846
573
465
601
646
223
311
402
293
28
53
8
728
153
383
536
322
753
889
525
99
764
396
886
785
701
10
287
642
779
979
402
33
8
502
338
896
578
235
930
637
709
116
805
446
732
302
779
721
243
198
564
727
170
107
4
846
148
873
424
861
286
940
118
569
268
979
616
601
122
472
175
294
132
125
59
511
136
141
482
41
636
633
5
626
438
180
167
797
664
360
111
329
821
948
952
380
60
62
610
859
17
513
468
791
32
644
444
801
566
119
310
238
474
907
846
369
372
140
66
389
950
645
70
212
284
936
931
815
952
431
779
706
350
947
890
103
696
454
928
674
516
647
82
456
239
487
608
917
566
974
335
210
903
115
838
522
195
182
562
602
604
10
119
940
998
482
838
679
587
945
191
835
324
659
936
446
143
739
735
189
648
411
738
506
188
579
913
636
293
172
730
707
341
237
254
103
670
922
417
485
205
751
18
824
251
805
858
12
588
39
304
737
390
314
804
235
667
111
706
811
798
45
181
769
846
880
994
795
20
168
328
402
719
749
370
75
792
874
990
95
383
106
691
961
861
894
147
726
199
405
166
407
298
620
263
167
135
974
176
821
618
875
10
793
387
862
734
485
46
91
951
352
804
768
794
706
489
613
14
229
332
20
126
751
658
872
617
384
526
262
920
360
899
919
472
685
713
809
971
761
609
460
50
20
342
646
249
606
532
167
299
882
874
32
86
34
235
19
36
358
312
6
481
864
680
184
257
356
498
621
93
999
577
616
511
866
263
307
700
560
662
746
382
791
86
447
76
15
97
593
525
472
470
122
933
85
285
363
95
234
159
323
91
507
37
771
510
783
788
823
874
543
353
479
135
12
425
222
60
661
112
488
360
491
678
739
796
907
52
216
109
41
290
114
626
974
57
829
397
687
469
96
756
886
885
807
787
660
667
690
440
162
916
549
425
730
677
787
1000
231
246
858
690
677
129
515
142
918
509
653
243
297
886
156
214
373
320
973
82
877
646
433
530
168
203
261
61
943
965
172
215
383
267
758
39
672
898
699
906
693
862
923
831
103
866
371
184
482
308
60
474
155
599
259
757
677
178
429
488
826
470
915
177
493
178
693
721
854
179
222
79
11
581
647
443
648
804
601
214
452
546
83
841
744
103
146
373
133
555
165
346
148
679
203
142
63
378
202
773
636
52
761
194
571
371
230
598
708
363
883
752
948
166
82
860
107
495
230
652
348
596
263
214
615
12
606
528
767
828
341
220
619
808
340
4
395
525
583
103
579
673
777
290
887
981
574
301
616
623
109
783
625
904
917
541
77
42
310
514
699
848
420
857
181
239
691
334
539
410
458
369
398
488
608
636
719
975
853
996
733
359
437
508
55
720
661
680
7
768
543
137
269
531
90
231
426
10
752
743
840
230
417
145
381
372
912
463
408
278
339
882
136
276
707
470
84
659
409
26
153
380
799
204
770
132
334
682
215
534
592
899
361
40
682
273
561
270
77
573
771
258
204
491
490
190
720
942
132
271
147
718
511
609
652
494
260
381
975
666
551
833
105
98
730
76
201
847
509
476
769
947
291
665
606
196
906
616
700
885
785
250
831
776
99
813
461
488
476
456
558
842
473
67
725
572
385
648
778
602
189
638
838
595
639
300
981
561
279
912
930
298
213
188
196
582
905
880
968
544
822
455
977
653
242
132
912
130
512
616
437
22
844
628
197
190
523
181
988
137
488
965
62
449
130
979
113
770
776
482
337
627
19
617
381
605
213
277
455
426
582
437
714
58
947
361
467
724
309
193
377
714
936
94
951
52
506
174
620
451
202
558
50
593
227
356
909
446
933
837
565
344
428
214
868
270
947
537
236
390
593
783
969
330
330
27
140
368
119
14
401
98
319
176
769
28
838
382
691
350
143
694
234
849
388
852
798
45
332
407
400
951
141
791
750
684
927
323
507
239
17
119
412
530
182
835
763
828
554
908
337
148
336
540
959
983
599
19
912
896
965
925
806
422
676
776
724
783
805
753
419
732
771
997
471
37
137
920
282
188
711
896
429
83
139
136
162
384
587
547
579
630
78
636
824
106
946
638
313
465
45
394
770
694
283
663
655
832
242
774
173
812
730
977
118
952
166
740
754
683
289
535
209
849
473
852
735
91
246
678
496
508
867
14
112
711
237
39
536
610
532
573
91
77
457
588
140
94
58
431
36
28
780
645
394
735
286
928
891
888
732
437
566
396
402
300
218
26
693
711
591
629
65
737
998
46
510
962
946
915
894
884
584
838
281
414
343
212
400
543
248
285
643
601
617
77
814
843
375
499
768
241
816
768
399
570
485
749
847
317
726
548
214
481
815
612
520
309
319
358
320
655
987
137
220
780
126
703
976
913
617
544
268
679
294
992
861
371
629
399
403
538
373
820
397
536
576
619
597
718
609
287
282
914
662
401
765
231
446
827
907
341
622
231
485
56
338
540
602
287
870
40
802
944
689
300
580
70
585
76
102
764
572
865
605
712
515
423
391
9
491
657
487
700
459
566
785
99
333
770
457
674
978
750
706
761
826
139
479
571
32
424
150
583
62
431
998
8
469
75
135
399
382
450
433
134
494
756
13
486
70
468
946
853
140
692
384
75
804
193
418
411
258
253
859
444
510
205
797
736
833
870
866
842
874
611
98
33
572
301
924
97
830
651
70
772
236
760
958
764
774
535
226
735
709
936
222
19
708
85
843
257
817
79
387
712
414
603
519
24
298
600
723
47
811
61
522
180
375
163
149
241
37
294
241
336
10
595
821
212
261
924
711
266
993
775
956
185
781
675
72
761
314
642
634
134
775
314
277
48
7
335
364
638
402
288
625
856
221
285
122
698
83
872
165
70
140
887
268
870
78
280
498
209
564
572
37
579
158
773
533
177
130
151
794
752
900
571
406
588
134
957
259
152
448
812
110
605
478
119
253
637
313
312
320
480
76
34
465
346
792
255
710
967
968
577
392
340
154
457
42
417
182
829
921
533
970
36
92
344
224
516
595
623
9
728
41
855
336
400
280
925
356
24
288
336
914
612
244
98
316
714
623
513
406
490
250
558
25
794
951
93
867
399
323
548
198
559
201
218
794
576
144
547
727
183
634
118
434
849
441
991
904
397
360
7
132
280
225
36
972
874
755
50
678
663
726
919
811
610
711
753
513
806
32
599
454
595
684
338
471
59
218
711
998
154
927
399
407
858
388
548
66
183
297
424
40
822
97
896
652
817
463
823
427
146
637
915
44
760
872
446
736
819
66
868
797
114
196
489
562
56
285
690
433
933
153
726
392
276
635
617
557
676
44
804
459
914
910
552
488
369
14
115
498
43
501
106
91
21
144
299
301
911
975
843
926
84
596
417
87
49
283
785
334
560
430
178
942
108
5
184
633
171
779
695
303
597
397
751
847
431
464
652
130
922
810
701
321
826
593
960
27
876
905
598
653
490
565
292
898
502
401
142
889
955
406
481
68
262
664
290
397
83
539
724
15
44
755
442
804
627
604
642
368
753
241
27
668
606
562
534
321
589
340
265
148
362
645
745
242
526
387
845
162
872
537
68
441
226
593
124
752
976
384
167
560
693
973
968
153
530
345
411
96
23
103
798
135
94
685
343
997
342
787
891
761
561
527
581
141
942
891
195
834
197
536
529
208
804
968
972
536
998
761
269
60
535
612
628
902
299
993
427
192
736
81
519
557
896
405
906
694
416
733
680
618
292
187
443
586
97
513
770
183
715
309
841
923
421
918
897
24
729
273
148
657
616
267
955
900
659
925
493
102
243
219
437
171
738
607
58
56
165
617
427
787
21
196
674
721
965
608
791
538
873
79
925
39
661
332
347
559
656
951
419
325
830
878
272
660
135
110
47
647
182
202
725
540
522
977
382
487
931
550
831
954
690
197
236
854
239
76
131
685
672
719
953
372
253
869
101
171
21
367
102
625
376
932
355
619
999
84
338
143
70
692
520
258
633
374
456
489
975
794
153
10
423
187
220
898
613
98
336
294
499
915
367
730
701
413
815
834
936
987
954
357
178
704
557
891
620
472
126
850
977
171
103
365
22
143
774
479
356
390
159
916
608
801
545
469
735
302
352
344
258
701
209
829
67
380
562
393
906
27
525
987
424
683
987
137
336
900
60
763
568
295
709
917
830
789
219
694
495
644
97
544
995
38
247
761
7
968
174
386
343
633
490
242
71
667
354
13
330
212
517
939
91
361
961
756
782
348
82
707
733
499
851
67
326
838
732
674
768
679
594
514
132
460
61
136
41
234
640
37
590
570
581
365
578
697
135
538
226
526
918
269
642
313
190
557
12
61
980
90
931
555
454
797
810
660
971
764
440
666
422
481
84
150
926
250
911
742
707
680
904
897
813
489
111
717
372
418
974
681
301
558
261
951
257
220
674
568
198
448
85
371
998
897
447
113
873
9
21
128
887
325
724
781
541
480
696
173
386
917
219
774
141
424
651
545
683
765
330
527
208
160
83
999
750
688
188
967
701
833
879
179
721
726
692
100
120
323
427
520
313
163
587
694
507
670
265
330
483
185
782
298
578
281
443
685
172
978
456
466
855
633
457
608
77
76
236
824
780
242
20
484
902
43
766
270
474
730
483
708
697
852
626
497
579
437
677
846
891
752
712
592
288
938
826
511
360
381
160
326
551
899
88
103
938
488
290
919
580
445
549
905
988
984
181
14
83
132
709
974
591
879
890
400
325
887
170
746
804
303
459
430
636
259
86
296
169
957
487
630
659
283
551
987
935
54
495
640
736
564
666
483
776
495
780
363
221
420
243
578
554
346
29
690
218
479
620
48
307
579
950
816
497
764
95
623
984
286
537
283
683
697
333
755
939
613
660
890
358
792
783
286
495
283
677
418
453
997
81
724
495
464
874
18
577
69
549
325
454
283
760
183
625
519
496
417
30
424
424
716
730
225
351
78
171
401
679
878
227
632
651
277
945
662
920
98
87
632
393
236
1000
36
60
572
2
759
663
352
331
561
121
469
243
775
708
774
611
524
314
391
638
455
906
358
300
878
845
447
150
984
35
696
947
512
605
998
250
711
340
227
264
289
784
84
45
226
608
331
575
976
535
987
372
35
436
608
342
425
842
228
971
939
177
540
431
929
253
384
803
238
3
732
702
790
310
693
862
758
891
429
284
291
806
663
378
264
477
957
236
351
652
871
14
986
444
112
488
229
85
30
108
291
307
546
951
95
458
527
336
160
531
868
768
67
993
355
542
632
375
17
552
124
480
31
590
488
150
443
314
247
298
128
601
624
799
292
3
916
615
486
926
140
907
614
88
40
197
132
21
52
699
855
754
319
765
149
115
370
684
952
635
567
706
157
636
783
934
191
732
949
398
161
584
971
832
454
821
456
295
639
735
960
387
286
750
236
37
414
148
480
583
425
951
509
531
268
389
701
64
418
925
80
505
436
830
157
584
304
288
460
336
469
934
357
687
281
732
243
798
224
378
346
260
125
796
926
350
482
534
179
361
572
229
341
499
769
488
877
386
468
26
722
675
36
482
716
863
12
291
471
933
564
67
848
495
36
173
142
917
815
97
482
742
595
774
79
456
9
675
80
284
685
952
655
441
317
620
36
888
832
173
801
764
513
778
324
91
470
836
750
825
687
349
942
305
659
13
992
562
540
654
866
158
424
629
239
827
493
380
439
590
387
581
654
513
852
262
109
558
437
436
976
801
60
421
523
890
560
414
248
902
74
523
54
633
110
238
120
588
77
453
911
784
1000
816
688
381
103
567
760
610
650
853
121
143
818
501
183
900
496
668
326
515
360
932
754
598
928
275
420
406
189
277
428
738
133
204
144
11
586
102
493
422
42
868
219
440
500
251
497
499
828
938
393
901
685
442
742
683
971
66
859
945
306
601
540
258
429
910
525
152
989
330
459
416
598
845
523
734
350
210
261
125
392
268
27
419
501
104
75
768
869
38
750
33
544
912
696
703
323
261
588
524
608
720
117
208
293
683
755
775
988
143
788
781
285
835
746
594
250
336
275
352
825
632
285
899
650
221
199
249
998
599
562
280
365
588
326
986
726
95
739
883
532
640
293
707
868
194
201
521
721
828
60
691
701
62
724
81
205
243
952
135
336
472
629
399
993
800
350
408
177
263
663
647
940
953
632
316
408
420
295
77
552
730
907
46
535
589
740
922
290
65
844
669
996
878
687
264
788
808
259
809
828
973
701
209
996
428
606
45
735
474
964
749
423
183
955
276
750
105
232
630
845
783
15
54
483
406
489
678
175
307
946
7
590
314
598
634
550
307
249
461
681
66
386
235
342
103
888
895
465
717
388
851
373
901
243
965
659
271
995
309
171
206
492
662
672
154
705
506
930
715
513
612
679
399
992
218
822
748
592
466
914
845
541
690
92
739
135
121
813
572
238
984
103
215
929
840
883
588
641
652
98
982
92
98
688
233
274
421
353
133
581
755
846
216
925
822
712
725
216
105
879
437
44
168
490
329
209
316
257
568
699
226
472
81
500
806
329
106
874
216
180
717
882
599
261
734
6
301
790
169
718
802
892
834
323
926
319
283
30
741
490
558
884
925
438
891
904
746
530
119
50
434
380
494
141
324
633
954
356
172
432
76
787
42
902
823
761
644
502
930
377
536
385
187
877
300
650
156
649
172
476
810
90
752
165
502
324
295
175
847
631
846
278
374
207
771
16
975
133
488
955
756
139
846
377
299
572
982
840
729
647
901
607
468
358
966
510
775
453
356
522
533
578
613
498
162
953
669
559
39
549
423
984
91
518
11
146
627
649
143
561
370
479
940
583
25
46
164
246
877
251
999
234
784
323
783
278
33
498
825
589
995
675
737
341
297
118
14
571
499
74
965
805
997
417
875
818
861
685
105
344
818
130
359
549
246
929
916
167
626
268
955
681
531
336
691
467
359
892
953
43
956
276
177
619
727
740
60
314
273
324
153
282
534
479
869
191
220
909
150
17
645
862
409
688
336
48
326
145
974
546
149
219
525
127
345
625
702
566
818
474
115
572
629
739
375
421
707
25
334
339
998
759
816
413
921
86
535
828
717
921
937
585
883
584
548
40
722
946
772
578
786
434
157
644
726
998
881
693
645
705
295
697
179
501
79
255
809
609
965
874
863
66
600
55
291
555
298
860
866
669
686
176
526
537
277
205
416
553
701
680
229
778
184
562
680
424
690
239
700
53
168
402
785
503
37
472
418
987
24
473
836
438
647
85
176
197
611
66
45
27
51
887
245
485
770
162
933
651
186
969
844
638
127
17
682
240
829
800
970
338
971
217
713
931
504
745
389
232
229
737
470
288
746
449
544
181
521
123
980
7
309
628
131
42
408
498
17
248
512
385
258
356
197
459
699
550
197
480
918
916
584
54
537
397
535
940
990
929
113
264
500
364
29
518
440
448
72
618
710
303
82
845
118
257
120
91
356
107
390
688
195
543
839
410
525
470
944
375
403
317
316
850
413
871
173
980
467
994
95
295
522
449
244
296
649
515
708
929
132
375
799
853
897
629
291
247
948
488
84
788
583
218
479
467
10
565
169
292
930
540
800
249
805
476
374
361
235
794
8
45
71
469
225
26
868
103
738
545
266
618
868
868
232
845
737
361
999
505
569
742
136
866
276
110
105
903
43
672
583
765
459
967
59
71
356
56
630
480
344
413
679
303
381
112
206
103
876
93
687
128
254
589
161
780
60
741
957
934
232
493
320
49
698
67
304
701
624
561
855
824
381
47
202
75
472
132
728
348
851
131
275
676
11
809
598
853
393
152
793
446
446
444
618
961
407
579
581
599
654
308
224
33
907
22
731
869
788
839
841
286
116
989
963
296
669
705
249
565
38
202
368
429
585
921
725
453
697
925
848
715
297
95
920
977
319
78
631
36
765
549
764
149
443
437
362
625
669
196
414
758
894
94
970
294
948
135
278
775
273
739
266
748
145
532
84
440
537
725
582
436
637
881
374
899
189
920
955
186
666
270
538
885
599
209
413
214
413
985
91
150
337
226
647
924
238
409
798
531
398
439
824
636
8
862
295
762
999
618
951
226
849
821
752
499
155
417
994
614
868
784
751
799
79
127
511
693
321
553
748
961
408
532
84
96
30
296
526
85
51
673
890
747
837
786
643
909
975
332
963
572
440
135
992
253
502
713
872
952
862
941
832
732
441
803
428
297
484
381
532
162
538
748
181
727
674
374
304
961
871
788
205
183
365
370
537
270
29
163
33
709
288
918
889
854
952
208
79
510
592
243
325
59
282
833
871
75
405
428
371
11
51
979
269
73
632
754
96
845
688
923
506
568
918
675
61
643
491
111
775
30
401
543
751
545
477
194
163
271
31
320
246
383
84
822
390
529
110
782
507
437
555
990
386
727
609
655
139
403
678
872
975
668
599
32
634
64
468
519
832
52
256
229
545
548
801
909
546
70
462
440
256
248
421
982
869
474
312
695
192
31
740
889
334
913
95
358
160
329
103
558
874
235
419
437
739
688
32
953
751
389
256
440
192
74
730
84
405
416
535
477
232
898
995
608
214
400
849
922
634
312
477
922
384
712
536
647
242
943
331
60
975
992
150
374
812
155
596
277
202
111
33
862
600
647
627
479
285
31
9
890
160
755
182
235
921
263
815
728
609
772
240
55
153
263
884
469
641
278
836
810
453
892
260
519
936
110
124
519
576
198
88
362
797
328
817
72
17
65
331
34
926
687
481
532
405
630
779
712
795
932
743
463
644
374
755
781
669
58
299
568
262
952
631
491
229
20
959
166
658
625
336
852
35
556
367
510
881
372
210
76
285
563
938
694
753
709
741
411
649
505
111
712
338
764
889
967
141
386
220
35
11
755
95
30
439
624
755
927
250
745
968
698
498
745
525
256
286
280
988
944
619
32
666
388
230
515
699
395
780
759
856
984
787
936
99
228
724
605
651
477
516
321
840
580
916
19
498
850
107
440
279
576
292
177
989
959
231
744
54
311
683
733
409
232
43
329
812
859
252
431
803
155
550
611
628
810
2
201
785
237
785
292
710
54
402
874
145
232
917
369
140
470
492
682
404
303
249
309
406
222
607
969
683
128
185
197
357
161
843
345
479
599
719
693
463
154
828
183
555
958
660
252
151
880
410
871
214
203
366
154
577
441
753
953
510
538
770
514
663
618
175
898
458
182
468
304
870
745
531
438
194
429
591
105
235
140
999
504
232
846
214
790
399
123
768
76
12
574
989
845
206
35
786
312
50
384
798
88
429
996
546
409
235
908
119
492
383
391
254
679
107
90
241
123
84
219
400
563
438
897
339
613
201
996
723
119
719
673
436
214
916
118
705
344
700
306
290
388
418
47
63
330
866
265
854
344
597
457
220
804
646
27
275
547
268
381
192
389
16
642
883
558
507
613
90
19
854
24
973
414
194
61
177
316
510
983
413
746
197
408
291
344
97
830
436
501
841
192
793
887
315
177
187
950
285
460
873
749
902
59
341
542
681
567
131
72
808
861
629
875
735
77
29
578
834
790
95
984
8
141
405
82
696
827
999
543
430
876
441
839
651
717
452
779
41
284
30
792
534
650
209
693
620
202
525
484
404
687
42
92
903
232
538
641
358
342
300
213
335
61
93
155
983
124
655
765
936
45
233
350
995
164
418
939
459
607
682
132
322
112
505
849
534
792
890
763
0
